202,3,2,1,2.9549,0.5872
202,3,2,2,-1.6611,-2.4684
202,3,2,3,-1.0504,1.4734
202,3,2,4,0.52555,3.6947
202,3,2,5,0.63962,1.1589
202,3,2,6,-2.3475,-1.0303
202,3,2,7,-3.062,-6.9141
202,3,2,8,-2.0757,-5.2741
202,3,2,9,2.186,5.7829
202,3,2,10,-0.23487,-2.5005
202,3,3,1,38.177,34.599
202,3,3,2,32.897,30.924
202,3,3,3,30.052,31.407
202,3,3,4,24.299,21.615
202,3,3,5,21.737,17.917
202,3,3,6,11.882,14.981
202,3,3,7,15.325,14.35
202,3,3,8,14.672,15.258
202,3,3,9,13.362,15.762
202,3,3,10,11.32,6.712
202,3,3,11,8.2899,10.081
202,3,3,12,9.7876,12.656
202,3,3,13,8.562,8.3285
202,3,3,14,11.165,13.656
202,3,3,15,6.5903,7.9121
202,3,3,16,2.6392,3.395
202,3,3,17,8.6878,5.0939
202,3,3,18,7.2178,4.8293
202,3,3,19,3.8445,4.7412
202,3,3,20,3.076,7.5501
202,3,3,21,5.6421,6.7967
202,3,3,22,6.0542,2.4713
202,3,3,23,5.1241,6.3813
202,3,3,24,3.1639,3.1519
202,3,3,25,8.2224,12.822
202,3,3,26,6.9067,3.564
202,3,3,27,2.8249,1.2096
202,3,3,28,4.4685,2.7867
202,3,3,29,3.4767,5.9676
202,3,3,30,5.6478,5.7374
202,3,3,31,5.0985,5.0695
202,3,3,32,6.9016,7.1152
202,3,3,33,-0.79527,5.1276
202,3,3,34,3.2572,3.167
202,3,3,35,2.1492,3.0833
202,3,3,36,2.4374,-1.5834
202,3,3,37,-1.0286,2.0444
202,3,3,38,2.0991,-1.8429
202,3,3,39,1.2977,4.6265
202,3,3,40,1.292,7.964
202,3,4,1,-24.024,-23.808
202,3,4,2,-21.806,-20.326
202,3,4,3,-17.894,-16.45
202,3,4,4,-11.965,-13.711
202,3,4,5,-11.919,-14.38
202,3,4,6,-5.0695,-12.41
202,3,4,7,-7.0927,-5.7761
202,3,4,8,-5.1339,-5.9419
202,3,4,9,-2.2675,-4.7638
202,3,4,10,-3.9106,-3.4519
202,3,4,11,-1.5047,-5.8597
202,3,4,12,-2.2547,-4.2894
202,3,4,13,-2.4947,-6.4771
202,3,4,14,-3.8463,-3.028
202,3,4,15,-4.7074,-2.6219
202,3,4,16,-0.96546,-4.0248
202,3,4,17,-4.5037,-2.1309
202,3,4,18,-3.8733,-2.4068
202,3,4,19,-4.0139,-8.3201
202,3,4,20,-2.8914,-2.4483
202,3,5,1,34.178,31.129
202,3,5,2,18.603,18.25
202,3,5,3,18.335,24.546
202,3,5,4,9.575,10.94
202,3,5,5,7.8716,6.4122
202,3,5,6,5.8855,9.1899
202,3,5,7,0.74523,8.4972
202,3,5,8,6.2919,3.3875
202,3,5,9,-0.57192,-0.8998
202,3,5,10,-0.33355,5.6082
202,3,5,11,4.9177,2.915
202,3,5,12,6.7773,8.4658
202,3,5,13,5.1821,3.6833
202,3,5,14,2.8685,-1.1375
202,3,5,15,1.4187,6.0929
202,3,5,16,4.7225,3.0508
202,3,5,17,4.9909,8.2347
202,3,5,18,2.5143,7.8132
202,3,5,19,2.2114,3.2398
202,3,5,20,6.1989,6.3077
203,4,2,1,0.87382,0.49232
203,4,2,2,-0.89002,-1.4072
203,4,2,3,-2.2918,-0.83861
203,4,2,4,-1.9988,-0.22156
203,4,2,5,1.789,-0.48781
203,4,2,6,0.41568,0.27985
203,4,2,7,0.62678,-0.018034
203,4,2,8,3.2316,0.75372
203,4,2,9,-2.171,-1.26
203,4,2,10,0.70971,0.92737
203,4,3,1,39.809,37.379
203,4,3,2,30.125,32.203
203,4,3,3,27.261,26.128
203,4,3,4,27.305,23.703
203,4,3,5,17.199,19.281
203,4,3,6,18.293,20.864
203,4,3,7,16.222,19.522
203,4,3,8,16.477,17.734
203,4,3,9,16.236,13.441
203,4,3,10,11.138,13.064
203,4,3,11,6.5736,12.333
203,4,3,12,11.762,10.835
203,4,3,13,10.216,13.098
203,4,3,14,9.9684,10.132
203,4,3,15,10.16,8.727
203,4,3,16,6.3359,6.658
203,4,3,17,6.4131,8.1625
203,4,3,18,7.132,9.7093
203,4,3,19,5.1821,6.2077
203,4,3,20,6.2781,5.9177
203,4,3,21,8.0605,3.9462
203,4,3,22,9.0894,10.557
203,4,3,23,5.2801,8.3171
203,4,3,24,1.7712,3.6634
203,4,3,25,3.4434,6.6972
203,4,3,26,5.9611,5.4389
203,4,3,27,5.9551,2.8269
203,4,3,28,4.4826,2.5544
203,4,3,29,7.9682,10.545
203,4,3,30,8.2822,6.5593
203,4,3,31,4.8778,5.6765
203,4,3,32,3.7526,7.0644
203,4,3,33,2.1499,4.5845
203,4,3,34,3.0907,6.3395
203,4,3,35,2.1429,4.9152
203,4,3,36,8.035,8.4511
203,4,3,37,4.7306,5.2071
203,4,3,38,7.263,2.5384
203,4,3,39,2.8282,8.5311
203,4,3,40,4.2135,2.9726
203,4,4,1,-22.289,-20.825
203,4,4,2,-18.287,-12.282
203,4,4,3,-11.666,-13.792
203,4,4,4,-16.051,-16.895
203,4,4,5,-11.8,-10.852
203,4,4,6,-10.669,-10.793
203,4,4,7,-4.652,-6.8292
203,4,4,8,-5.3537,-8.1414
203,4,4,9,-3.8112,-5.9761
203,4,4,10,-4.5274,-4.9625
203,4,4,11,-6.1075,-6.6358
203,4,4,12,-3.1172,-1.3304
203,4,4,13,-3.9108,-8.5527
203,4,4,14,1.1214,2.592
203,4,4,15,-3.7194,-3.9587
203,4,4,16,-1.8093,-5.3662
203,4,4,17,-3.7023,-2.4528
203,4,4,18,-4.2175,-3.7948
203,4,4,19,-3.4636,-0.8287
203,4,4,20,-1.812,-4.7877
203,4,5,1,29.218,26.635
203,4,5,2,22.621,26.966
203,4,5,3,21.547,18.331
203,4,5,4,17.154,20.861
203,4,5,5,8.7985,4.6959
203,4,5,6,6.5246,8.7744
203,4,5,7,6.2543,7.9253
203,4,5,8,1.3549,-0.3796
203,4,5,9,6.3564,7.4707
203,4,5,10,1.1577,1.371
203,4,5,11,5.2033,7.715
203,4,5,12,2.928,3.9891
203,4,5,13,5.9455,10.522
203,4,5,14,7.707,5.6076
203,4,5,15,6.1087,6.5847
203,4,5,16,2.5637,2.8163
203,4,5,17,6.3726,6.7443
203,4,5,18,3.9974,4.9749
203,4,5,19,1.3325,5.4647
203,4,5,20,2.9619,4.4014
205,3,2,1,-2.2892,0.90313
205,3,2,2,-2.5723,-3.4216
205,3,2,3,1.6794,-1.9079
205,3,2,4,-3.281,-1.2451
205,3,2,5,3.8675,-0.68409
205,3,2,6,1.7191,2.5656
205,3,2,7,-1.2919,-1.561
205,3,2,8,2.4611,1.0484
205,3,2,9,3.1984,0.22615
205,3,2,10,1.3235,2.2013
205,3,3,1,32.814,47.683
205,3,3,2,35.12,33.205
205,3,3,3,34.748,37.711
205,3,3,4,29.287,29.613
205,3,3,5,28.036,24.984
205,3,3,6,18.975,18.924
205,3,3,7,20.939,23.883
205,3,3,8,21.622,20.899
205,3,3,9,18.737,23.115
205,3,3,10,12.683,10.991
205,3,3,11,18.494,13.806
205,3,3,12,14.86,18.913
205,3,3,13,13.957,14.826
205,3,3,14,12.802,13.65
205,3,3,15,11.886,14.65
205,3,3,16,11.031,13.524
205,3,3,17,13.78,13.08
205,3,3,18,11.303,9.6252
205,3,3,19,12.726,15.253
205,3,3,20,9.9282,13.209
205,3,3,21,10.103,15.341
205,3,3,22,7.6529,9.1296
205,3,3,23,5.2104,5.0557
205,3,3,24,5.9699,8.5453
205,3,3,25,9.5289,9.0999
205,3,3,26,13.706,14.581
205,3,3,27,7.131,8.9865
205,3,3,28,11.578,9.8132
205,3,3,29,10.318,8.8998
205,3,3,30,8.3696,7.5072
205,3,3,31,4.9576,8.8145
205,3,3,32,8.8724,10.907
205,3,3,33,6.9727,7.2016
205,3,3,34,3.215,5.5374
205,3,3,35,3.2925,-0.18319
205,3,3,36,9.1273,8.5564
205,3,3,37,7.8469,8.1904
205,3,3,38,5.8031,4.796
205,3,3,39,7.9425,11.948
205,3,3,40,4.3222,0.21227
205,3,4,1,-22.427,-21.979
205,3,4,2,-16.265,-17.201
205,3,4,3,-16.263,-14.486
205,3,4,4,-15.304,-13.671
205,3,4,5,-9.867,-9.4867
205,3,4,6,-8.1037,-13.342
205,3,4,7,-5.2326,-9.8217
205,3,4,8,-6.0214,-5.8229
205,3,4,9,-4.3552,-6.5838
205,3,4,10,-5.1573,-6.0576
205,3,4,11,-3.2167,-3.9365
205,3,4,12,-0.62005,-0.84798
205,3,4,13,1.257,-0.93945
205,3,4,14,1.9203,0.75176
205,3,4,15,0.4899,-2.3026
205,3,4,16,-1.7228,2.0901
205,3,4,17,-2.4694,2.8887
205,3,4,18,-0.79401,-6.112
205,3,4,19,-0.13379,-6.3714
205,3,4,20,-2.3054,-2.56
205,3,5,1,32.869,33.327
205,3,5,2,25.465,26.581
205,3,5,3,21.618,22.142
205,3,5,4,18.611,18.694
205,3,5,5,9.5157,14.764
205,3,5,6,10.67,15.806
205,3,5,7,13.521,9.6204
205,3,5,8,14.642,15.585
205,3,5,9,14.492,10.407
205,3,5,10,8.7763,10.661
205,3,5,11,15.042,16.902
205,3,5,12,11.383,12.184
205,3,5,13,10.109,12.008
205,3,5,14,12.346,12.359
205,3,5,15,11.327,7.49
205,3,5,16,9.9537,6.3014
205,3,5,17,8.4929,13.257
205,3,5,18,12.065,9.9092
205,3,5,19,10.018,11.314
205,3,5,20,8.7881,10.769
206,1,2,1,3.2225,-1.1005
206,1,2,2,1.4987,-0.63682
206,1,2,3,-2.7296,-2.7704
206,1,2,4,1.0173,-0.9113
206,1,2,5,-2.774,-1.3015
206,1,2,6,-0.8964,4.9549
206,1,2,7,-2.2096,-0.81665
206,1,2,8,-0.31114,-2.3994
206,1,2,9,-1.9748,0.16983
206,1,2,10,0.23053,-1.2742
206,1,3,1,37.437,46.608
206,1,3,2,19.129,21.76
206,1,3,3,52.402,63.888
206,1,3,4,-2.6334,2.1759
206,1,3,5,15.96,13.147
206,1,3,6,1.8391,1.567
206,1,3,7,6.5076,7.6236
206,1,3,8,9.8108,12.992
206,1,3,9,5.5239,7.1028
206,1,3,10,2.9166,8.137
206,1,3,11,3.7109,0.56588
206,1,3,12,2.1796,-2.5128
206,1,3,13,1.0984,3.0592
206,1,3,14,4.1639,1.1966
206,1,3,15,1.3381,4.994
206,1,3,16,-1.1769,-0.96693
206,1,3,17,3.6256,1.7475
206,1,3,18,0.5399,1.3917
206,1,3,19,-0.032342,0.16353
206,1,3,20,3.1003,1.1845
206,1,3,21,2.8655,0.8769
206,1,3,22,1.9799,1.9617
206,1,3,23,0.31581,-1.2861
206,1,3,24,1.868,4.1664
206,1,3,25,1.8283,0.67987
206,1,3,26,3.7302,4.8492
206,1,3,27,1.5641,-3.8478
206,1,3,28,2.1326,-0.213
206,1,3,29,2.5797,2.4937
206,1,3,30,1.8017,1.7054
206,1,3,31,1.2778,3.5071
206,1,3,32,0.69578,-0.76028
206,1,3,33,0.13592,0.018575
206,1,3,34,1.9863,2.5049
206,1,3,35,-0.8587,3.366
206,1,3,36,1.3367,4.0526
206,1,3,37,2.1533,3.4237
206,1,3,38,-1.4147,-2.6532
206,1,3,39,2.8352,1.569
206,1,3,40,2.0766,-2.545
206,1,4,1,-19.713,-17.162
206,1,4,2,-9.652,-6.0772
206,1,4,3,-4.7397,-8.1346
206,1,4,4,-1.732,-3.0024
206,1,4,5,-1.9985,1.6753
206,1,4,6,-4.3521,-3.2429
206,1,4,7,0.06915,-1.4285
206,1,4,8,0.18195,-1.8145
206,1,4,9,-1.4965,-4.4396
206,1,4,10,-1.9814,-2.495
206,1,4,11,-2.5993,1.8818
206,1,4,12,-0.83075,2.7525
206,1,4,13,-3.5439,-2.108
206,1,4,14,-0.088775,-3.614
206,1,4,15,-4.7961,-5.2915
206,1,4,16,-1.9933,-3.0105
206,1,4,17,0.014764,-1.7114
206,1,4,18,0.4394,-1.0228
206,1,4,19,2.5461,-1.1111
206,1,4,20,-0.56414,-1.5738
206,1,5,1,23.565,24.185
206,1,5,2,6.869,9.8307
206,1,5,3,6.2415,10.16
206,1,5,4,2.742,6.1825
206,1,5,5,3.5242,6.2318
206,1,5,6,2.2955,0.92393
206,1,5,7,0.77159,4.8182
206,1,5,8,-0.02725,1.5657
206,1,5,9,1.1567,4.4047
206,1,5,10,2.8489,3.0187
206,1,5,11,0.025923,4.1924
206,1,5,12,4.0118,4.2989
206,1,5,13,2.5052,4.728
206,1,5,14,-1.1832,1.1028
206,1,5,15,1.5771,0.32318
206,1,5,16,2.0501,2.6461
206,1,5,17,-0.43088,0.88617
206,1,5,18,2.2262,2.7896
206,1,5,19,3.9674,8.7348
206,1,5,20,-1.0924,-2.314
208,4,2,1,-0.52005,2.5044
208,4,2,2,1.029,-4.0963
208,4,2,3,-1.185,-0.99532
208,4,2,4,-1.1347,-0.50228
208,4,2,5,0.494,-3.4384
208,4,2,6,-1.6562,-2.0479
208,4,2,7,-1.9813,0.29965
208,4,2,8,-1.7626,1.2053
208,4,2,9,-3.4011,4.174
208,4,2,10,-4.1726,-3.4934
208,4,3,1,41.896,39.116
208,4,3,2,32.23,31.131
208,4,3,3,22.312,22.462
208,4,3,4,22.058,22.953
208,4,3,5,20.08,18.317
208,4,3,6,15.222,13.005
208,4,3,7,17.186,19.232
208,4,3,8,13.919,14.405
208,4,3,9,12.337,10.94
208,4,3,10,16.329,16.087
208,4,3,11,12.567,15.78
208,4,3,12,11.551,10.05
208,4,3,13,7.5579,9.7245
208,4,3,14,8.0709,9.7223
208,4,3,15,7.91,14.508
208,4,3,16,6.057,10.189
208,4,3,17,10.334,13.762
208,4,3,18,9.6992,7.5189
208,4,3,19,3.8005,1.0261
208,4,3,20,10.747,13.615
208,4,3,21,9.4946,13.459
208,4,3,22,9.4856,6.8776
208,4,3,23,7.0224,4.1024
208,4,3,24,5.9199,-0.38698
208,4,3,25,2.7164,3.6425
208,4,3,26,5.5505,0.229
208,4,3,27,3.6558,2.2384
208,4,3,28,8.532,8.3666
208,4,3,29,-0.81047,1.5091
208,4,3,30,2.2254,1.6689
208,4,3,31,6.0651,4.4625
208,4,3,32,6.249,7.3412
208,4,3,33,1.5173,0.70896
208,4,3,34,4.9537,1.0656
208,4,3,35,2.2389,2.9446
208,4,3,36,1.3953,3.3474
208,4,3,37,6.8126,10.844
208,4,3,38,4.253,7.8273
208,4,3,39,7.3544,1.626
208,4,3,40,7.3505,-0.66908
208,4,4,1,-28.534,-27.564
208,4,4,2,-26.805,-24.779
208,4,4,3,-19.962,-18.885
208,4,4,4,-19.385,-19.453
208,4,4,5,-9.8046,-5.8419
208,4,4,6,-14.209,-13.121
208,4,4,7,-15.311,-9.4276
208,4,4,8,-7.5049,-9.3808
208,4,4,9,-2.1108,-2.9
208,4,4,10,-3.4551,-1.7448
208,4,4,11,-1.869,-6.5189
208,4,4,12,3.6794,0.85812
208,4,4,13,-0.28754,2.5823
208,4,4,14,-2.3393,-2.8816
208,4,4,15,-9.1784,-7.3782
208,4,4,16,-8.0471,-7.7198
208,4,4,17,-1.1512,-3.7082
208,4,4,18,-3.7985,-3.5211
208,4,4,19,-4.5261,-2.201
208,4,4,20,-3.6174,-1.6825
208,4,5,1,31.751,29.933
208,4,5,2,24.573,24.558
208,4,5,3,22.48,23.556
208,4,5,4,18.6,17.831
208,4,5,5,14.168,15.559
208,4,5,6,14.788,18.396
208,4,5,7,13.019,21.654
208,4,5,8,5.1944,4.7052
208,4,5,9,7.6297,8.2156
208,4,5,10,9.8441,12.128
208,4,5,11,7.3509,5.7556
208,4,5,12,10.413,16.475
208,4,5,13,3.6252,-3.885
208,4,5,14,11.386,11.108
208,4,5,15,8.3912,8.5886
208,4,5,16,9.8377,10.577
208,4,5,17,10.829,8.6836
208,4,5,18,6.6486,5.6389
208,4,5,19,2.6707,8.2707
208,4,5,20,10.038,8.3689
209,4,2,1,-2.5966,-1.6181
209,4,2,2,1.2045,0.15393
209,4,2,3,2.2289,-0.23574
209,4,2,4,-1.0785,-1.8238
209,4,2,5,1.5938,-0.81805
209,4,2,6,-2.2299,1.3497
209,4,2,7,0.64762,1.2853
209,4,2,8,0.015437,5.0413
209,4,2,9,0.10451,2.4458
209,4,2,10,3.9525,2.4794
209,4,3,1,32.353,32.984
209,4,3,2,19.979,20.728
209,4,3,3,17.226,18.992
209,4,3,4,9.2067,7.8045
209,4,3,5,7.2469,9.6234
209,4,3,6,8.041,4.0839
209,4,3,7,6.6588,7.2434
209,4,3,8,3.7096,9.9765
209,4,3,9,4.5608,4.8912
209,4,3,10,5.0998,2.2328
209,4,3,11,6.2011,3.1575
209,4,3,12,3.7589,6.2859
209,4,3,13,3.5481,5.1961
209,4,3,14,3.3254,5.7494
209,4,3,15,0.4864,6.6445
209,4,3,16,8.0863,11.91
209,4,3,17,6.3044,5.4202
209,4,3,18,4.4583,7.2465
209,4,3,19,2.6599,6.5677
209,4,3,20,4.3079,1.9511
209,4,3,21,5.2012,4.109
209,4,3,22,3.8137,6.126
209,4,3,23,3.2892,6.8337
209,4,3,24,2.6242,2.9595
209,4,3,25,2.8797,4.9339
209,4,3,26,2.6194,4.9214
209,4,3,27,4.9323,5.3452
209,4,3,28,3.7813,4.3302
209,4,3,29,1.9217,2.4374
209,4,3,30,2.4196,-1.5664
209,4,3,31,6.3308,9.3265
209,4,3,32,3.6919,0.7175
209,4,3,33,0.43162,3.4323
209,4,3,34,5.228,7.3
209,4,3,35,1.6749,-1.3211
209,4,3,36,1.4225,5.5594
209,4,3,37,2.3851,-0.24646
209,4,3,38,2.6902,5.3357
209,4,3,39,2.7127,2.4864
209,4,3,40,3.0248,4.0338
209,4,4,1,-25.826,-29.827
209,4,4,2,-13.194,-16.174
209,4,4,3,-11.934,-13.795
209,4,4,4,-8.8417,-9.2159
209,4,4,5,-4.7261,-8.6048
209,4,4,6,-6.214,-2.9395
209,4,4,7,-5.7616,-7.887
209,4,4,8,-5.4667,3.7168
209,4,4,9,-2.201,-2.1508
209,4,4,10,-0.51486,-1.3638
209,4,4,11,-3.7116,-9.8864
209,4,4,12,-3.6065,0.016927
209,4,4,13,-1.0061,-0.12365
209,4,4,14,-4.2268,-6.1195
209,4,4,15,-3.1089,-1.7124
209,4,4,16,-4.4104,-5.3914
209,4,4,17,-0.73889,-0.84455
209,4,4,18,-4.305,-3.8562
209,4,4,19,-1.9807,-5.9068
209,4,4,20,-5.7942,-8.4901
209,4,5,1,15.395,18.252
209,4,5,2,6.2103,8.1176
209,4,5,3,6.9868,10.179
209,4,5,4,4.1496,3.9506
209,4,5,5,0.18416,2.0992
209,4,5,6,4.3613,6.3514
209,4,5,7,3.9837,7.9242
209,4,5,8,6.8424,4.3932
209,4,5,9,4.2331,5.4985
209,4,5,10,1.4283,-4.3902
209,4,5,11,2.5889,5.8175
209,4,5,12,3.4357,1.8029
209,4,5,13,1.1509,1.2584
209,4,5,14,1.7588,-0.7956
209,4,5,15,2.7402,-0.88852
209,4,5,16,5.3607,4.6219
209,4,5,17,8.2656,3.1362
209,4,5,18,6.4533,-1.0585
209,4,5,19,5.9474,-0.16143
209,4,5,20,1.3716,0.71187
211,3,2,1,0.28253,-0.62328
211,3,2,2,-1.0342,-2.616
211,3,2,3,-2.4825,0.57065
211,3,2,4,-0.65138,-0.075485
211,3,2,5,-3.9596,1.934
211,3,2,6,1.1419,2.2224
211,3,2,7,-4.2336,-1.6836
211,3,2,8,-0.065852,-2.6481
211,3,2,9,-1.6676,-0.72923
211,3,2,10,-2.4362,-2.1088
211,3,3,1,37.257,34.283
211,3,3,2,30.517,29.318
211,3,3,3,27.687,27.205
211,3,3,4,16.631,17.605
211,3,3,5,18.039,22.761
211,3,3,6,26.369,27.02
211,3,3,7,13.686,17.263
211,3,3,8,13.188,16.259
211,3,3,9,11.486,12.882
211,3,3,10,8.891,7.2344
211,3,3,11,6.0374,6.6329
211,3,3,12,5.8029,12.476
211,3,3,13,6.4672,5.7839
211,3,3,14,5.3286,5.025
211,3,3,15,4.4134,3.3184
211,3,3,16,3.4887,3.1816
211,3,3,17,6.6599,4.4158
211,3,3,18,7.0767,-4.523
211,3,3,19,10.148,10.927
211,3,3,20,5.3238,5.271
211,3,3,21,10.669,8.9445
211,3,3,22,8.671,9.9122
211,3,3,23,6.8435,9.843
211,3,3,24,6.6201,2.9874
211,3,3,25,9.6651,12.55
211,3,3,26,6.9527,8.4501
211,3,3,27,4.6044,5.5142
211,3,3,28,3.9684,-0.42091
211,3,3,29,4.061,5.14
211,3,3,30,3.1179,7.6242
211,3,3,31,0.94386,-3.5133
211,3,3,32,5.6995,4.9009
211,3,3,33,3.9563,6.8045
211,3,3,34,-0.58386,0.57604
211,3,3,35,5.591,12.358
211,3,3,36,6.7423,3.9731
211,3,3,37,5.244,6.9516
211,3,3,38,7.6103,7.1093
211,3,3,39,3.4258,2.3125
211,3,3,40,2.1938,3.9076
211,3,4,1,-28.122,-28.005
211,3,4,2,-19.654,-16.97
211,3,4,3,-17.424,-14.563
211,3,4,4,-11.611,-12.379
211,3,4,5,-10.822,-10.391
211,3,4,6,-8.938,-11.915
211,3,4,7,-15.155,-12.806
211,3,4,8,-8.3767,-14.221
211,3,4,9,-6.0046,-7.206
211,3,4,10,-4.2263,-7.4916
211,3,4,11,-4.8498,-4.9482
211,3,4,12,-7.8454,-6.1988
211,3,4,13,-4.5893,-7.7569
211,3,4,14,-7.4141,-4.3821
211,3,4,15,-8.8802,-9.7283
211,3,4,16,-6.7083,-1.7703
211,3,4,17,-8.0837,-8.6788
211,3,4,18,-6.8496,-6.1315
211,3,4,19,-3.1652,-7.0166
211,3,4,20,-3.496,-0.07185
211,3,5,1,32.669,30.74
211,3,5,2,29.874,26.45
211,3,5,3,18.024,16.209
211,3,5,4,15.515,18.441
211,3,5,5,16.586,21.127
211,3,5,6,18.877,24.914
211,3,5,7,14.159,16.628
211,3,5,8,19.039,18.275
211,3,5,9,13.178,12.543
211,3,5,10,6.6428,6.8256
211,3,5,11,14.449,17.111
211,3,5,12,8.5494,9.8355
211,3,5,13,9.0888,6.7337
211,3,5,14,13.308,11.446
211,3,5,15,7.8679,6.9848
211,3,5,16,7.6736,7.2898
211,3,5,17,11.769,10.522
211,3,5,18,12.274,7.5661
211,3,5,19,11.667,8.8727
211,3,5,20,9.7056,10.651
212,1,2,1,-3.8482,-4.898
212,1,2,2,-2.8399,1.0583
212,1,2,3,-4.4688,-0.11981
212,1,2,4,-1.976,-2.646
212,1,2,5,3.7599,0.53822
212,1,2,6,-0.57595,4.1655
212,1,2,7,0.39464,-2.7042
212,1,2,8,-1.8836,-2.5446
212,1,2,9,-3.955,-2.1267
212,1,2,10,0.19027,1.5435
212,1,3,1,39.517,39.328
212,1,3,2,21.54,23.346
212,1,3,3,22.33,24.613
212,1,3,4,8.7722,8.9252
212,1,3,5,4.7584,5.6605
212,1,3,6,2.447,1.3941
212,1,3,7,2.0028,4.4752
212,1,3,8,-0.59358,0.33985
212,1,3,9,3.1223,-0.033799
212,1,3,10,-1.8218,0.4595
212,1,3,11,-3.5902,1.7866
212,1,3,12,1.9853,-0.50789
212,1,3,13,4.7322,5.4902
212,1,3,14,5.6747,2.4361
212,1,3,15,-0.20208,-4.5536
212,1,3,16,1.4783,5.5983
212,1,3,17,4.3012,2.8911
212,1,3,18,-1.4368,0.91145
212,1,3,19,2.352,-0.61116
212,1,3,20,5.8665,5.0596
212,1,3,21,1.0323,2.4338
212,1,3,22,2.8351,0.61002
212,1,3,23,4.11,3.7459
212,1,3,24,-1.0537,0.41965
212,1,3,25,-0.90148,2.6812
212,1,3,26,1.736,0.23304
212,1,3,27,-0.89065,1.3225
212,1,3,28,2.8206,7.7505
212,1,3,29,2.7761,4.9996
212,1,3,30,1.5682,0.4015
212,1,3,31,-1.7208,-0.09105
212,1,3,32,5.094,2.6948
212,1,3,33,4.816,1.5
212,1,3,34,1.4686,2.745
212,1,3,35,4.6507,0.85745
212,1,3,36,4.8935,2.342
212,1,3,37,3.5429,3.7639
212,1,3,38,3.1474,3.6807
212,1,3,39,0.6104,-2.3411
212,1,3,40,1.3588,4.693
212,1,4,1,-30.197,-31.811
212,1,4,2,-20.353,-19.066
212,1,4,3,-9.1712,-9.0612
212,1,4,4,-5.9927,-3.0101
212,1,4,5,-8.5045,-4.8396
212,1,4,6,-5.3828,-3.6695
212,1,4,7,-2.2689,-3.4055
212,1,4,8,-2.9829,-3.2044
212,1,4,9,-3.2523,-1.4387
212,1,4,10,-4.3588,-2.7595
212,1,4,11,-4.7515,-2.3978
212,1,4,12,-3.004,-3.4823
212,1,4,13,-0.40762,-1.8344
212,1,4,14,-4.7849,-1.2853
212,1,4,15,-1.5984,-5.9775
212,1,4,16,-1.3209,-0.61714
212,1,4,17,-0.64535,1.6155
212,1,4,18,-3.1776,-4.0764
212,1,4,19,-3.6464,-5.0977
212,1,4,20,-0.94906,-1.5483
212,1,5,1,27.111,31.092
212,1,5,2,10.04,12.367
212,1,5,3,8.4289,10.606
212,1,5,4,3.0262,4.3315
212,1,5,5,1.7205,-1.5789
212,1,5,6,3.3148,3.2984
212,1,5,7,6.9383,6.0556
212,1,5,8,0.67279,1.9774
212,1,5,9,-0.90058,2.3678
212,1,5,10,3.1365,5.4523
212,1,5,11,1.3455,-2.0038
212,1,5,12,2.3632,6.9506
212,1,5,13,3.3083,3.6809
212,1,5,14,-0.42507,-4.2358
212,1,5,15,4.6862,5.4643
212,1,5,16,1.5464,1.2203
212,1,5,17,-2.2257,4.2128
212,1,5,18,3.0366,4.9664
212,1,5,19,-2.4578,-0.10183
212,1,5,20,2.6749,3.8755
213,1,2,1,-2.1123,-2.1525
213,1,2,2,-0.52645,-0.6982
213,1,2,3,-1.7602,5.3227
213,1,2,4,-0.50857,0.97987
213,1,2,5,-1.8803,-1.7826
213,1,2,6,-0.5035,0.40397
213,1,2,7,2.2432,-2.2703
213,1,2,8,-0.89215,-1.6045
213,1,2,9,-0.69042,0.29327
213,1,2,10,0.15638,0.034017
213,1,3,1,35.947,32.987
213,1,3,2,NaN,NaN
213,1,3,3,15.103,14.761
213,1,3,4,20.806,17.72
213,1,3,5,5.7071,4.2226
213,1,3,6,14.65,15.675
213,1,3,7,19.308,16.06
213,1,3,8,11.168,11.497
213,1,3,9,6.9473,7.5782
213,1,3,10,8.3139,10.699
213,1,3,11,4.0014,4.3718
213,1,3,12,3.2807,6.4603
213,1,3,13,4.8225,4.1378
213,1,3,14,6.9215,8.9639
213,1,3,15,6.5434,4.7649
213,1,3,16,3.1403,3.8369
213,1,3,17,5.5882,10.748
213,1,3,18,7.0452,4.9356
213,1,3,19,1.9624,1.2284
213,1,3,20,5.5856,6.4914
213,1,3,21,3.1416,3.8201
213,1,3,22,3.6145,6.0674
213,1,3,23,4.407,6.0124
213,1,3,24,4.1945,6.861
213,1,3,25,4.0652,5.9403
213,1,3,26,1.3819,0.40327
213,1,3,27,2.1383,-0.061792
213,1,3,28,1.1069,4.8102
213,1,3,29,3.8473,3.8472
213,1,3,30,-0.13917,2.3102
213,1,3,31,2.5227,5.6655
213,1,3,32,3.6156,6.3642
213,1,3,33,3.6296,4.9557
213,1,3,34,4.9892,3.6819
213,1,3,35,4.4572,0.23477
213,1,3,36,2.0723,-0.24885
213,1,3,37,0.0717,3.1128
213,1,3,38,0.051345,2.7092
213,1,3,39,3.7999,0.21959
213,1,3,40,3.2609,1.9184
213,1,4,1,-46.221,-53.178
213,1,4,2,-21.61,-23.015
213,1,4,3,-27.332,-29.588
213,1,4,4,-22.892,-21.131
213,1,4,5,-17.172,-20.408
213,1,4,6,-13.141,-14.709
213,1,4,7,-18.368,-15.006
213,1,4,8,-11.024,-15.827
213,1,4,9,-8.9202,-10.615
213,1,4,10,-9.1702,-12.541
213,1,4,11,-5.7074,-4.4267
213,1,4,12,-8.5668,-7.7746
213,1,4,13,-3.395,-4.3614
213,1,4,14,-2.8515,-5.2447
213,1,4,15,-5.0643,-2.8826
213,1,4,16,-4.1689,-7.9938
213,1,4,17,-3.7441,-4.2889
213,1,4,18,-3.4293,-4.258
213,1,4,19,-1.4906,-2.6642
213,1,4,20,-2.7605,-2.3576
213,1,5,1,19.504,21.471
213,1,5,2,8.4855,10.921
213,1,5,3,7.05,3.6708
213,1,5,4,1.8042,3.0939
213,1,5,5,2.565,1.6756
213,1,5,6,2.9709,5.1267
213,1,5,7,3.7382,2.7919
213,1,5,8,3.0453,-0.23135
213,1,5,9,2.2128,-1.0401
213,1,5,10,3.1416,2.9258
213,1,5,11,0.50223,2.6336
213,1,5,12,1.0609,0.95288
213,1,5,13,1.7507,1.7354
213,1,5,14,2.4705,4.8379
213,1,5,15,2.8413,2.0631
213,1,5,16,3.6146,1.5525
213,1,5,17,1.4916,3.8562
213,1,5,18,0.81322,-2.0434
213,1,5,19,4.1363,0.44855
213,1,5,20,3.8895,3.2348
214,3,2,1,1.2589,-1.0772
214,3,2,2,1.2985,-0.36691
214,3,2,3,-0.96156,1.2447
214,3,2,4,-1.4386,-1.1591
214,3,2,5,-2.1529,3.2978
214,3,2,6,-0.37911,-0.16849
214,3,2,7,-1.3987,3.7731
214,3,2,8,1.4068,-5.9674
214,3,2,9,-0.11898,-1.8206
214,3,2,10,0.3156,2.3137
214,3,3,1,43.391,41.693
214,3,3,2,36.306,40.501
214,3,3,3,26.587,24.215
214,3,3,4,30.354,33.739
214,3,3,5,21.789,23.691
214,3,3,6,18.978,20.472
214,3,3,7,16.192,21.47
214,3,3,8,8.6583,7.6022
214,3,3,9,8.4032,12
214,3,3,10,4.3795,8.8664
214,3,3,11,2.465,0.75234
214,3,3,12,2.7222,8.7735
214,3,3,13,6.3552,-0.73757
214,3,3,14,7.4601,9.311
214,3,3,15,2.8976,9.8041
214,3,3,16,4.8628,4.3971
214,3,3,17,5.5333,10.237
214,3,3,18,2.4281,7.3643
214,3,3,19,-1.0515,9.4396
214,3,3,20,-0.19851,4.041
214,3,3,21,1.1226,1.8631
214,3,3,22,6.0824,0.22633
214,3,3,23,0.99788,2.2896
214,3,3,24,2.0798,6.6194
214,3,3,25,7.6966,11.068
214,3,3,26,3.3352,1.8195
214,3,3,27,2.3026,2.3571
214,3,3,28,3.5532,2.8292
214,3,3,29,3.0334,2.2115
214,3,3,30,4.1973,4.4837
214,3,3,31,3.1126,2.4862
214,3,3,32,5.9045,4.0354
214,3,3,33,6.7624,-0.020625
214,3,3,34,4.1513,2.6391
214,3,3,35,3.1218,6.2191
214,3,3,36,2.1846,6.4153
214,3,3,37,3.1965,-0.52329
214,3,3,38,1.4874,2.5625
214,3,3,39,1.2474,3.9623
214,3,3,40,1.5159,0.10557
214,3,4,1,-35.377,-33.102
214,3,4,2,-17.723,-24.318
214,3,4,3,-17.1,-20.535
214,3,4,4,-10.45,-7.5715
214,3,4,5,-11.525,-14.19
214,3,4,6,-11.086,-9.5955
214,3,4,7,-11.327,-14.648
214,3,4,8,-10.38,-11.661
214,3,4,9,-3.3315,-11.342
214,3,4,10,-9.0531,-10.948
214,3,4,11,-5.5561,-5.7315
214,3,4,12,-4.8044,-1.9947
214,3,4,13,-5.4278,-5.2657
214,3,4,14,-3.6235,-3.7288
214,3,4,15,-2.9583,-4.7229
214,3,4,16,-4.7718,-9.7776
214,3,4,17,-5.9097,-4.1394
214,3,4,18,-3.902,-4.8466
214,3,4,19,-2.8127,-2.1515
214,3,4,20,-3.5938,-6.7043
214,3,5,1,30.395,31.522
214,3,5,2,23.153,26.531
214,3,5,3,22.664,25.945
214,3,5,4,9.2947,16.018
214,3,5,5,7.2032,10.485
214,3,5,6,9.0748,2.8845
214,3,5,7,7.1668,11.003
214,3,5,8,5.3737,1.9869
214,3,5,9,7.519,6.7637
214,3,5,10,1.3285,5.6266
214,3,5,11,3.1067,0.92485
214,3,5,12,0.064958,7.2233
214,3,5,13,3.7266,6.8242
214,3,5,14,7.6591,7.5395
214,3,5,15,5.7617,8.9745
214,3,5,16,4.0005,5.0352
214,3,5,17,0.97832,2.1001
214,3,5,18,8.7139,4.7458
214,3,5,19,3.8545,5.2394
214,3,5,20,5.7821,7.9749
216,4,2,1,-3.8666,2.8592
216,4,2,2,-2.3279,-4.7315
216,4,2,3,-0.21524,-0.85338
216,4,2,4,0.0085625,-0.12941
216,4,2,5,-0.36583,-0.93963
216,4,2,6,-0.12005,2.1841
216,4,2,7,1.7118,0.4002
216,4,2,8,-0.82303,-2.3572
216,4,2,9,0.90877,-2.5444
216,4,2,10,-1.089,-3.7652
216,4,3,1,34.287,38.196
216,4,3,2,30.199,35.531
216,4,3,3,19.191,21.819
216,4,3,4,22.191,19.267
216,4,3,5,13.422,12.569
216,4,3,6,15.277,15.863
216,4,3,7,13.521,11.721
216,4,3,8,4.5538,7.5985
216,4,3,9,6.8561,5.0078
216,4,3,10,5.8876,6.8521
216,4,3,11,4.9374,5.7957
216,4,3,12,4.5196,5.3526
216,4,3,13,10.967,6.824
216,4,3,14,10.583,5.8066
216,4,3,15,2.7983,4.7854
216,4,3,16,4.641,3.831
216,4,3,17,6.1098,7.9952
216,4,3,18,5.2644,5.3321
216,4,3,19,4.6497,10.856
216,4,3,20,6.5575,4.2132
216,4,3,21,4.0861,6.2155
216,4,3,22,3.7384,1.8881
216,4,3,23,6.3704,3.3937
216,4,3,24,7.2368,6.1999
216,4,3,25,4.7591,6.0906
216,4,3,26,5.7637,0.34027
216,4,3,27,3.5979,5.8684
216,4,3,28,4.4371,3.6438
216,4,3,29,2.6952,2.0099
216,4,3,30,9.6637,4.2481
216,4,3,31,4.0426,5.8088
216,4,3,32,3.6977,4.8223
216,4,3,33,1.4188,3.5895
216,4,3,34,1.4403,5.5847
216,4,3,35,4.8394,4.5852
216,4,3,36,2.6262,1.9084
216,4,3,37,4.7877,4.6314
216,4,3,38,0.068785,2.5701
216,4,3,39,3.2838,2.8119
216,4,3,40,2.4029,0.6278
216,4,4,1,-21.2,-24.892
216,4,4,2,-19.778,-19.752
216,4,4,3,-12.664,-13.895
216,4,4,4,-6.7695,-12.974
216,4,4,5,-7.5785,-12.36
216,4,4,6,-7.026,-9.1314
216,4,4,7,-6.2097,-4.8953
216,4,4,8,-4.2488,-3.5073
216,4,4,9,-5.5321,-7.9053
216,4,4,10,-3.1878,0.46918
216,4,4,11,-4.0933,-3.9261
216,4,4,12,-3.1189,-5.0466
216,4,4,13,-2.2924,-4.4886
216,4,4,14,-3.0522,-2.8717
216,4,4,15,-3.9177,-3.4227
216,4,4,16,-3.0071,-3.7739
216,4,4,17,0.084418,-1.1858
216,4,4,18,-1.0088,-3.4444
216,4,4,19,-2.142,-8.9773
216,4,4,20,-4.0651,-7.8221
216,4,5,1,23,23.75
216,4,5,2,14.11,16.893
216,4,5,3,11.375,9.2513
216,4,5,4,6.1874,5.0481
216,4,5,5,4.0934,5.487
216,4,5,6,2.2646,9.8685
216,4,5,7,2.6028,0.1053
216,4,5,8,6.4441,3.7583
216,4,5,9,5.012,4.548
216,4,5,10,5.0943,6.2443
216,4,5,11,3.639,2.8478
216,4,5,12,1.6679,-2.1492
216,4,5,13,1.7814,7.9274
216,4,5,14,1.6699,2.4581
216,4,5,15,3.7576,2.6374
216,4,5,16,4.7503,4.6198
216,4,5,17,5.324,6.8293
216,4,5,18,4.1748,4.7014
216,4,5,19,3.8673,0.028175
216,4,5,20,-1.395,5.9404
218,1,2,1,0.6415,-0.1995
218,1,2,2,0.65013,-3.4718
218,1,2,3,-1.1084,0.056517
218,1,2,4,0.68913,-0.025288
218,1,2,5,-1.3699,0.5624
218,1,2,6,0.68442,2.9778
218,1,2,7,-0.3523,0.70143
218,1,2,8,-0.052453,-1.148
218,1,2,9,2.9531,-0.29117
218,1,2,10,0.65677,-1.9488
218,1,3,1,36.41,31.95
218,1,3,2,31.766,32.377
218,1,3,3,26.491,26.923
218,1,3,4,16.874,17.944
218,1,3,5,14.193,13.664
218,1,3,6,-7.0284,-6.8812
218,1,3,7,-3.5986,-2.785
218,1,3,8,-2.0888,-2.2477
218,1,3,9,-3.8497,-5.0633
218,1,3,10,1.3853,4.7138
218,1,3,11,5.8477,9.1906
218,1,3,12,4.8224,8.9509
218,1,3,13,1.0233,-0.61492
218,1,3,14,-1.8077,-7.9716
218,1,3,15,1.9372,4.5339
218,1,3,16,6.5937,10.501
218,1,3,17,3.5374,6.2356
218,1,3,18,5.6924,4.9247
218,1,3,19,4.0839,6.7973
218,1,3,20,5.7722,5.2881
218,1,3,21,-2.2498,-0.83498
218,1,3,22,2.9007,-0.35209
218,1,3,23,6.3951,10.234
218,1,3,24,5.4109,2.0237
218,1,3,25,10.172,8.2932
218,1,3,26,-3.2177,-5.0357
218,1,3,27,1.8378,2.9531
218,1,3,28,4.2096,1.3106
218,1,3,29,3.822,5.9873
218,1,3,30,3.9728,8.2834
218,1,3,31,5.271,4.6954
218,1,3,32,0.21636,5.3692
218,1,3,33,-2.138,1.907
218,1,3,34,-2.3871,-0.6851
218,1,3,35,6.4407,8.4127
218,1,3,36,-4.5888,-4.4918
218,1,3,37,-0.41246,4.0353
218,1,3,38,-8.1878,-4.2657
218,1,3,39,4.3837,1.3434
218,1,3,40,1.5964,2.8239
218,1,4,1,-30.594,-30.126
218,1,4,2,-11.941,-6.6325
218,1,4,3,-10.34,-11.217
218,1,4,4,-10.971,-7.1798
218,1,4,5,-2.543,-5.4058
218,1,4,6,-7.4189,-7.0546
218,1,4,7,-2.0146,-5.2568
218,1,4,8,-1.4343,0.55185
218,1,4,9,-2.702,-10.075
218,1,4,10,-5.0621,-7.0434
218,1,4,11,-4.292,-0.62524
218,1,4,12,0.41366,-1.5109
218,1,4,13,-2.1831,-5.6682
218,1,4,14,-0.86438,-0.43396
218,1,4,15,-2.2405,2.1308
218,1,4,16,-2.1481,-4.8148
218,1,4,17,-1.52,-5.1237
218,1,4,18,-1.3236,2.9079
218,1,4,19,-0.49849,-2.4355
218,1,4,20,-4.4968,-1.4477
218,1,5,1,14.663,15.623
218,1,5,2,-2.4751,0.63778
218,1,5,3,4.1657,0.65093
218,1,5,4,10.438,7.4679
218,1,5,5,6.8934,5.7
218,1,5,6,5.1342,8.6464
218,1,5,7,7.1476,3.524
218,1,5,8,4.1937,8.2557
218,1,5,9,9.5697,8.8528
218,1,5,10,3.8393,6.3753
218,1,5,11,6.094,5.8858
218,1,5,12,5.6556,3.478
218,1,5,13,1.6966,5.7998
218,1,5,14,3.5287,5.7285
218,1,5,15,5.019,8.5756
218,1,5,16,4.7699,8.7485
218,1,5,17,-3.0293,-0.67202
218,1,5,18,-2.1871,3.9197
218,1,5,19,6.386,4.4281
218,1,5,20,3.0573,4.1649
219,3,2,1,1.7153,1.7505
219,3,2,2,-1.022,-3.6307
219,3,2,3,-2.0801,-2.122
219,3,2,4,0.62426,2.6762
219,3,2,5,2.8218,-2.0007
219,3,2,6,-1.395,2.9285
219,3,2,7,0.50562,-1.6055
219,3,2,8,-0.50615,4.4684
219,3,2,9,-0.44034,-2.8299
219,3,2,10,-2.4758,-3.6335
219,3,3,1,35.968,33.691
219,3,3,2,25.675,26.596
219,3,3,3,22.167,21.707
219,3,3,4,14.606,14.174
219,3,3,5,12.163,12.777
219,3,3,6,10.256,10.754
219,3,3,7,13.645,10.491
219,3,3,8,10.795,11.213
219,3,3,9,12.01,6.737
219,3,3,10,11.276,9.6363
219,3,3,11,9.3176,9.4986
219,3,3,12,12.635,9.1243
219,3,3,13,10.547,4.6605
219,3,3,14,12.797,13.549
219,3,3,15,7.7476,8.3734
219,3,3,16,10.084,17.104
219,3,3,17,7.576,8.5497
219,3,3,18,3.9742,0.93708
219,3,3,19,7.1432,4.2601
219,3,3,20,6.9921,10.317
219,3,3,21,7.7357,9.6608
219,3,3,22,7.9388,8.1409
219,3,3,23,8.6418,9.3582
219,3,3,24,8.4309,11.036
219,3,3,25,7.4358,7.1229
219,3,3,26,6.0959,11.314
219,3,3,27,9.1157,13.358
219,3,3,28,9.5102,11.534
219,3,3,29,10.064,12.385
219,3,3,30,5.7483,5.5338
219,3,3,31,7.6533,12.302
219,3,3,32,13.397,6.4133
219,3,3,33,3.5415,6.9052
219,3,3,34,2.562,4.3935
219,3,3,35,6.3617,4.121
219,3,3,36,3.4767,-1.0806
219,3,3,37,4.6868,1.0368
219,3,3,38,6.9654,3.5681
219,3,3,39,7.4243,4.8133
219,3,3,40,6.035,4.2261
219,3,4,1,-39.567,-34.543
219,3,4,2,-19.954,-21.057
219,3,4,3,-16.89,-16.644
219,3,4,4,-20.199,-25.221
219,3,4,5,-12.409,-12.745
219,3,4,6,-13.273,-17.364
219,3,4,7,-12.108,-12.337
219,3,4,8,-11.963,-11.019
219,3,4,9,-8.5812,-10.88
219,3,4,10,-5.6018,-9.9573
219,3,4,11,-5.7963,-10.335
219,3,4,12,-9.1188,-11.607
219,3,4,13,-4.7997,-4.4253
219,3,4,14,-5.2279,-5.5472
219,3,4,15,-4.0652,-4.7871
219,3,4,16,-5.752,-6.9106
219,3,4,17,-7.9462,-9.4665
219,3,4,18,-4.4851,-11.26
219,3,4,19,-2.8659,-6.8741
219,3,4,20,-4.7242,-3.3405
219,3,5,1,29.659,31.333
219,3,5,2,18.304,17.052
219,3,5,3,14.852,13.116
219,3,5,4,11.992,5.7887
219,3,5,5,11.131,6.0714
219,3,5,6,11.837,11.344
219,3,5,7,10.37,13.285
219,3,5,8,9.1776,6.9705
219,3,5,9,6.3518,5.4818
219,3,5,10,6.1603,7.4781
219,3,5,11,5.6859,5.1278
219,3,5,12,5.9313,5.1618
219,3,5,13,6.8675,-0.13755
219,3,5,14,4.1712,9.2086
219,3,5,15,5.4352,6.1286
219,3,5,16,7.4243,9.5741
219,3,5,17,1.3717,1.434
219,3,5,18,6.4039,6.2428
219,3,5,19,6.3864,1.2976
219,3,5,20,2.2113,4.8729
220,4,2,1,0.16179,-1.8338
220,4,2,2,2.5434,2.5087
220,4,2,3,-2.5495,-2.4805
220,4,2,4,1.1804,0.17015
220,4,2,5,0.93794,0.7294
220,4,2,6,-0.93153,-0.049675
220,4,2,7,0.71173,-1.2656
220,4,2,8,-2.5747,-4.8706
220,4,2,9,-0.13558,-2.7219
220,4,2,10,-3.2949,-2.5675
220,4,3,1,38.904,38.152
220,4,3,2,29,25.347
220,4,3,3,27.041,26.845
220,4,3,4,26.411,25.077
220,4,3,5,20.735,20.648
220,4,3,6,13.964,16.42
220,4,3,7,11.272,12.888
220,4,3,8,11.335,10.386
220,4,3,9,7.2347,6.2805
220,4,3,10,3.3068,4.9192
220,4,3,11,-0.3155,3.8089
220,4,3,12,3.7054,3.2865
220,4,3,13,2.8172,3.8619
220,4,3,14,2.9676,7.4823
220,4,3,15,3.3459,5.3094
220,4,3,16,1.9757,3.6723
220,4,3,17,3.61,-1.1669
220,4,3,18,3.5482,3.9792
220,4,3,19,2.7782,4.4277
220,4,3,20,3.5094,2.5206
220,4,3,21,3.2247,5.4932
220,4,3,22,5.3485,10.797
220,4,3,23,2.6868,4.2753
220,4,3,24,4.5819,2.3062
220,4,3,25,1.0521,2.0547
220,4,3,26,6.0248,0.16168
220,4,3,27,2.0033,4.8826
220,4,3,28,2.1585,8.0066
220,4,3,29,3.1915,2.8053
220,4,3,30,3.4872,5.8433
220,4,3,31,3.6141,2.1082
220,4,3,32,0.76653,2.8743
220,4,3,33,-0.99607,2.038
220,4,3,34,5.4069,5.1255
220,4,3,35,3.9239,4.5806
220,4,3,36,5.4623,5.4022
220,4,3,37,3.8384,1.921
220,4,3,38,1.7364,0.44517
220,4,3,39,3.1705,1.6556
220,4,3,40,5.1196,3.7465
220,4,4,1,-29.2,-26.364
220,4,4,2,-21.968,-23.345
220,4,4,3,-11.866,-13.737
220,4,4,4,-12.149,-13.136
220,4,4,5,-8.1131,-9.5465
220,4,4,6,-4.1224,-10.077
220,4,4,7,-5.8424,-1.6741
220,4,4,8,-2.6669,-4.4522
220,4,4,9,-3.1345,-4.8857
220,4,4,10,-3.5713,-2.8494
220,4,4,11,-2.4764,-1.6724
220,4,4,12,-5.4559,-4.9547
220,4,4,13,-2.0891,-2.5899
220,4,4,14,-4.5329,-0.4259
220,4,4,15,-4.5705,-11.259
220,4,4,16,-6.4149,-2.4915
220,4,4,17,-0.97002,-1.0704
220,4,4,18,-0.0683,-3.9147
220,4,4,19,-2.2503,-5.4201
220,4,4,20,-3.0183,-5.2895
220,4,5,1,33.07,32.555
220,4,5,2,17.35,18.286
220,4,5,3,11.968,13.485
220,4,5,4,10.241,8.699
220,4,5,5,8.7082,12.41
220,4,5,6,4.7985,4.7695
220,4,5,7,0.57004,5.0507
220,4,5,8,3.2449,1.3696
220,4,5,9,5.656,10.484
220,4,5,10,2.1194,4.5779
220,4,5,11,3.8956,3.7137
220,4,5,12,1.6254,-0.07465
220,4,5,13,5.6613,8.0009
220,4,5,14,0.69317,1.9074
220,4,5,15,5.0626,9.4017
220,4,5,16,3.5963,-0.37808
220,4,5,17,3.2527,4.3387
220,4,5,18,0.52968,4.5454
220,4,5,19,2.4167,5.0967
220,4,5,20,2.6308,1.4077
221,4,2,1,-2.7426,0.79633
221,4,2,2,-0.93981,2.3748
221,4,2,3,0.074705,2.4154
221,4,2,4,-2.406,0.54126
221,4,2,5,-0.54563,1.9214
221,4,2,6,-0.08355,-1.1768
221,4,2,7,-0.83735,-2.5747
221,4,2,8,1.5126,-0.88147
221,4,2,9,-0.45104,-0.11936
221,4,2,10,1.1336,-2.1727
221,4,3,1,34.879,33.45
221,4,3,2,31.526,26.772
221,4,3,3,17.457,17.109
221,4,3,4,17.627,13.215
221,4,3,5,23.569,22.197
221,4,3,6,14.408,14.126
221,4,3,7,29.125,27.929
221,4,3,8,32.291,33.981
221,4,3,9,-0.74363,-1.6922
221,4,3,10,7.1208,10.446
221,4,3,11,4.3407,-2.9118
221,4,3,12,-0.49116,5.339
221,4,3,13,1.3243,3.2453
221,4,3,14,3.5788,6.0895
221,4,3,15,-0.6329,4.3148
221,4,3,16,-1.488,2.8236
221,4,3,17,2.8737,6.2266
221,4,3,18,2.501,2.2376
221,4,3,19,1.7026,3.0376
221,4,3,20,0.99013,5.3633
221,4,3,21,3.4499,4.196
221,4,3,22,4.2458,-2.8611
221,4,3,23,2.9534,5.3431
221,4,3,24,2.6164,6.0291
221,4,3,25,1.0613,4.7889
221,4,3,26,2.5993,7.2426
221,4,3,27,-2.0084,0.65238
221,4,3,28,0.652,5.1792
221,4,3,29,-0.60485,1.0354
221,4,3,30,2.3456,1.5414
221,4,3,31,6.7429,3.5333
221,4,3,32,0.28668,-0.7487
221,4,3,33,-0.94191,1.6477
221,4,3,34,-2.3714,-2.4962
221,4,3,35,3.5322,5.5824
221,4,3,36,4.0531,1.0387
221,4,3,37,1.2429,1.3596
221,4,3,38,-0.74165,0.86585
221,4,3,39,5.366,2.1429
221,4,3,40,0.21985,-1.8128
221,4,4,1,-21.759,-25.817
221,4,4,2,-18.191,-18.207
221,4,4,3,-12.652,-11.131
221,4,4,4,-13.146,-14.349
221,4,4,5,-11.006,-14.449
221,4,4,6,-9.8844,-9.8421
221,4,4,7,-3.4042,-7.6174
221,4,4,8,-3.9217,-8.3715
221,4,4,9,-4.6501,-9.641
221,4,4,10,-3.8524,-5.2431
221,4,4,11,-3.0122,-3.1033
221,4,4,12,-2.2361,-0.68528
221,4,4,13,-2.361,-0.38548
221,4,4,14,-1.7628,-5.1944
221,4,4,15,-5.2933,-4.0705
221,4,4,16,-3.7147,-7.6887
221,4,4,17,-1.5229,1.239
221,4,4,18,-2.5652,-6.4458
221,4,4,19,-2.4353,1.3486
221,4,4,20,-4.8521,-3.5887
221,4,5,1,34.559,37.239
221,4,5,2,11.834,12.634
221,4,5,3,10.752,9.6922
221,4,5,4,10.751,8.4071
221,4,5,5,4.1247,7.1707
221,4,5,6,4.1045,7.299
221,4,5,7,2.3641,-0.37178
221,4,5,8,0.77737,3.5374
221,4,5,9,0.01708,-1.2059
221,4,5,10,1.7983,1.9324
221,4,5,11,-0.61759,-2.0716
221,4,5,12,0.93427,0.1406
221,4,5,13,4.1722,3.6493
221,4,5,14,3.2973,-0.66027
221,4,5,15,3.7018,1.0079
221,4,5,16,-1.8941,4.7218
221,4,5,17,9.5131,-0.62545
221,4,5,18,8.3942,22.509
221,4,5,19,0.1189,9.0584
221,4,5,20,-1.4093,5.245
222,1,2,1,-0.63299,0.45942
222,1,2,2,-0.52109,-2.6107
222,1,2,3,-0.74294,3.2232
222,1,2,4,-3.1128,2.5084
222,1,2,5,3.9869,-0.4735
222,1,2,6,1.1927,-3.9134
222,1,2,7,0.15227,-2.3025
222,1,2,8,-2.6929,-1.7979
222,1,2,9,0.78514,2.704
222,1,2,10,-0.80378,-3.2103
222,1,3,1,38.534,39.848
222,1,3,2,32.55,30.686
222,1,3,3,24.95,26.902
222,1,3,4,17.092,23.712
222,1,3,5,17.16,16.25
222,1,3,6,13.469,16.634
222,1,3,7,10.357,12.051
222,1,3,8,4.2618,8.8993
222,1,3,9,1.2458,5.978
222,1,3,10,1.7786,8.8482
222,1,3,11,3.6891,8.4356
222,1,3,12,2.2991,4.6002
222,1,3,13,1.3051,3.1544
222,1,3,14,1.3196,1.1339
222,1,3,15,4.2111,6.8882
222,1,3,16,2.3173,-0.60295
222,1,3,17,5.7666,7.5054
222,1,3,18,4.76,5.1124
222,1,3,19,-0.19201,2.5735
222,1,3,20,4.2972,2.8429
222,1,3,21,7.055,7.1463
222,1,3,22,1.3032,2.9934
222,1,3,23,2.7214,2.9444
222,1,3,24,1.9161,5.3762
222,1,3,25,2.8914,2.147
222,1,3,26,1.2296,5.7077
222,1,3,27,2.2338,3.4549
222,1,3,28,5.5213,1.8246
222,1,3,29,2.2036,4.4448
222,1,3,30,5.0578,6.5611
222,1,3,31,4.2257,-0.24405
222,1,3,32,3.4445,1.455
222,1,3,33,2.2936,0.64523
222,1,3,34,2.1611,2.1585
222,1,3,35,1.8318,-1.5626
222,1,3,36,-0.40377,0.47651
222,1,3,37,0.88642,1.0045
222,1,3,38,3.9647,-1.5936
222,1,3,39,3.3812,4.5019
222,1,3,40,4.4191,3.6262
222,1,4,1,-35.416,-35.04
222,1,4,2,-28.395,-25.038
222,1,4,3,-17.712,-21.309
222,1,4,4,-16.341,-13.91
222,1,4,5,-13.118,-14.503
222,1,4,6,-6.9264,-6.7927
222,1,4,7,-7.7911,-3.9084
222,1,4,8,-5.6976,-10.004
222,1,4,9,-5.592,-14.078
222,1,4,10,-1.7103,-4.2971
222,1,4,11,-4.1253,0.7344
222,1,4,12,-4.4464,1.0947
222,1,4,13,-3.9906,-5.8503
222,1,4,14,-6.5231,0.45799
222,1,4,15,-3.6079,-3.6993
222,1,4,16,-2.5527,-6.4524
222,1,4,17,-5.6354,-5.7914
222,1,4,18,-2.1918,-7.4248
222,1,4,19,-1.1278,-5.5701
222,1,4,20,-2.4785,-8.5974
222,1,5,1,32.64,29.544
222,1,5,2,17.893,22.422
222,1,5,3,17.538,17.435
222,1,5,4,7.7717,5.6746
222,1,5,5,2.9882,3.9855
222,1,5,6,8.1745,5.9303
222,1,5,7,2.4146,-0.2366
222,1,5,8,2.2915,-0.77145
222,1,5,9,4.3472,-1.0053
222,1,5,10,6.6839,2.318
222,1,5,11,2.2746,3.736
222,1,5,12,2.1201,4.0963
222,1,5,13,4.1056,4.568
222,1,5,14,4.6736,3.7307
222,1,5,15,3.5335,-0.1082
222,1,5,16,1.7564,1.9698
222,1,5,17,1.4214,1.1043
222,1,5,18,1.5932,3.0871
222,1,5,19,2.7411,4.4589
222,1,5,20,4.6884,4.394
223,3,2,1,-2.4601,-2.1282
223,3,2,2,-2.3585,-3.4339
223,3,2,3,-2.3127,-1.0504
223,3,2,4,0.65404,0.81
223,3,2,5,-1.7163,-1.904
223,3,2,6,-1.9147,-3.1412
223,3,2,7,-3.1432,-2.7104
223,3,2,8,-4.3552,-2.3639
223,3,2,9,0.22346,-1.6117
223,3,2,10,-1.2634,-2.9881
223,3,3,1,36.114,35.553
223,3,3,2,30.807,32.593
223,3,3,3,44.341,39.423
223,3,3,4,37.208,40.247
223,3,3,5,30.346,29.205
223,3,3,6,30.185,28.681
223,3,3,7,29.321,29.289
223,3,3,8,26.694,23.002
223,3,3,9,25.527,24.698
223,3,3,10,25.302,26.461
223,3,3,11,23.041,23.199
223,3,3,12,16.555,16.499
223,3,3,13,13.296,13.131
223,3,3,14,12.958,14.374
223,3,3,15,11.794,11.047
223,3,3,16,11.241,10.93
223,3,3,17,10.68,13.691
223,3,3,18,10.456,10.063
223,3,3,19,9.5451,7.7118
223,3,3,20,8.9128,7.6635
223,3,3,21,3.0359,6.5366
223,3,3,22,10.993,6.4616
223,3,3,23,9.2562,11.51
223,3,3,24,8.3589,8.7448
223,3,3,25,8.015,10.378
223,3,3,26,8.0108,8.9664
223,3,3,27,9.6479,9.723
223,3,3,28,10.376,7.9336
223,3,3,29,7.1209,9.0452
223,3,3,30,4.414,4.5887
223,3,3,31,9.2819,8.0192
223,3,3,32,8.3157,7.4479
223,3,3,33,5.3155,7.1584
223,3,3,34,9.5022,7.2199
223,3,3,35,6.3487,7.971
223,3,3,36,6.8965,10.714
223,3,3,37,5.7749,8.8328
223,3,3,38,6.3241,4.2102
223,3,3,39,5.4268,5.5465
223,3,3,40,7.1751,11.022
223,3,4,1,-21.779,-25.032
223,3,4,2,-21.137,-23.371
223,3,4,3,-21.941,-22.435
223,3,4,4,-16.987,-13.78
223,3,4,5,-15.419,-15.255
223,3,4,6,-12.217,-11.406
223,3,4,7,-11.486,-13.057
223,3,4,8,-9.0904,-10.351
223,3,4,9,-6.307,-10.055
223,3,4,10,-6.5679,-10.65
223,3,4,11,-5.7407,-8.1829
223,3,4,12,-6.8411,-11.636
223,3,4,13,-6.8357,-8.4947
223,3,4,14,-5.3641,-12.483
223,3,4,15,-6.7359,-4.6453
223,3,4,16,-4.711,-2.8882
223,3,4,17,-5.8557,-4.6412
223,3,4,18,-1.5289,-8.2335
223,3,4,19,-4.3616,-2.765
223,3,4,20,-4.3301,-3.7329
223,3,5,1,30.836,29.464
223,3,5,2,29.859,29.741
223,3,5,3,22.99,20.32
223,3,5,4,18.661,17.423
223,3,5,5,16.495,18.484
223,3,5,6,11.765,16.469
223,3,5,7,11.413,10.662
223,3,5,8,13.365,17.817
223,3,5,9,12.858,8.8206
223,3,5,10,11.286,11.118
223,3,5,11,8.0651,11.306
223,3,5,12,7.817,4.9945
223,3,5,13,6.1293,12.733
223,3,5,14,6.8215,6.1146
223,3,5,15,5.7845,4.6594
223,3,5,16,5.5994,5.8893
223,3,5,17,7.1207,4.6634
223,3,5,18,8.0882,5.8323
223,3,5,19,9.3809,8.847
223,3,5,20,4.7395,4.7131
225,4,2,1,-1.8687,-1.2378
225,4,2,2,-1.499,-0.89958
225,4,2,3,-3.5453,-4.6048
225,4,2,4,0.36939,-4.064
225,4,2,5,-0.006555,2.3828
225,4,2,6,-0.498,-1.5665
225,4,2,7,-2.0718,0.57075
225,4,2,8,0.47685,-2.3694
225,4,2,9,-3.972,-4.8384
225,4,2,10,-3.5709,-4.0154
225,4,3,1,39.909,37.298
225,4,3,2,32.391,34.572
225,4,3,3,26.246,25.819
225,4,3,4,22.359,22.007
225,4,3,5,13.6,12.516
225,4,3,6,11.042,11.43
225,4,3,7,12.704,10.241
225,4,3,8,6.5161,7.6973
225,4,3,9,12.29,9.152
225,4,3,10,8.2784,11.086
225,4,3,11,3.9409,2.1194
225,4,3,12,5.1127,5.9828
225,4,3,13,6.4751,8.4112
225,4,3,14,4.0603,3.9102
225,4,3,15,8.467,6.1339
225,4,3,16,6.8773,4.1281
225,4,3,17,0.8425,0.89333
225,4,3,18,4.1612,1.7914
225,4,3,19,7.2429,5.5804
225,4,3,20,4.1383,5.1613
225,4,3,21,5.0022,7.7775
225,4,3,22,2.068,6.0172
225,4,3,23,5.1807,9.1108
225,4,3,24,0.58391,3.5359
225,4,3,25,2.0366,-0.50558
225,4,3,26,3.3145,4.0672
225,4,3,27,0.0093,2.7265
225,4,3,28,0.66363,3.7063
225,4,3,29,-0.19793,5.4073
225,4,3,30,1.3932,3.3288
225,4,3,31,4.1194,7.1138
225,4,3,32,3.1835,0.36163
225,4,3,33,3.4501,4.6084
225,4,3,34,6.3923,10.211
225,4,3,35,8.5271,6.1097
225,4,3,36,4.5605,9.4177
225,4,3,37,3.2043,5.6141
225,4,3,38,4.6112,6.7415
225,4,3,39,5.4646,8.8323
225,4,3,40,8.8261,8.3629
225,4,4,1,-21.962,-27.491
225,4,4,2,-26.81,-22.766
225,4,4,3,-17.033,-17.755
225,4,4,4,-16.892,-17.119
225,4,4,5,-10.509,-12.392
225,4,4,6,-3.7498,-11.157
225,4,4,7,-5.4301,-2.875
225,4,4,8,-4.0998,-5.7675
225,4,4,9,-6.8331,-8.4627
225,4,4,10,-5.2946,-4.9589
225,4,4,11,-5.0199,-10.782
225,4,4,12,-2.5682,-3.4709
225,4,4,13,-3.727,-0.64615
225,4,4,14,-2.6993,-0.42908
225,4,4,15,-3.7994,-1.184
225,4,4,16,-0.79629,-1.3769
225,4,4,17,-2.8627,-2.5642
225,4,4,18,-2.4461,-3.1959
225,4,4,19,-2.5967,1.7869
225,4,4,20,-4.5314,-3.4122
225,4,5,1,25.891,26.01
225,4,5,2,12.099,13.177
225,4,5,3,11.106,8.1629
225,4,5,4,3.1942,3.1841
225,4,5,5,6.0588,4.0365
225,4,5,6,7.7046,10.155
225,4,5,7,11.099,10.508
225,4,5,8,9.5542,10.506
225,4,5,9,9.4334,10.555
225,4,5,10,7.674,5.9306
225,4,5,11,4.6624,8.4104
225,4,5,12,2.2587,7.088
225,4,5,13,-0.26189,0.93854
225,4,5,14,-1.0746,-0.53042
225,4,5,15,1.9766,3.2574
225,4,5,16,-0.2113,-0.3068
225,4,5,17,5.977,8.8803
225,4,5,18,5.1779,5.004
225,4,5,19,0.83883,4.3718
225,4,5,20,4.2364,2.1366
227,1,2,1,-0.29367,-1.9559
227,1,2,2,-0.3951,-3.4813
227,1,2,3,0.24242,-3.0792
227,1,2,4,-0.91037,-3.6347
227,1,2,5,2.051,-1.9774
227,1,2,6,-1.3593,-0.27079
227,1,2,7,0.54015,0.4722
227,1,2,8,-0.51407,0.26745
227,1,2,9,-0.359,-1.0348
227,1,2,10,0.72731,0.35505
227,1,3,1,41.467,47.841
227,1,3,2,25.471,28.573
227,1,3,3,23.916,27.226
227,1,3,4,8.3999,8.2185
227,1,3,5,11.325,12.674
227,1,3,6,-0.9687,1.8701
227,1,3,7,-3.6806,-4.3643
227,1,3,8,6.7443,11.529
227,1,3,9,2.6768,6.1311
227,1,3,10,4.493,4.9682
227,1,3,11,4.3453,0.94343
227,1,3,12,2.4446,3.9463
227,1,3,13,2.1753,5.7097
227,1,3,14,2.525,-0.4019
227,1,3,15,4.3102,10.331
227,1,3,16,3.2987,0.80154
227,1,3,17,-0.18159,-3.6931
227,1,3,18,3.3502,4.8301
227,1,3,19,2.1171,0.094225
227,1,3,20,2.8768,0.98606
227,1,3,21,5.8516,2.8387
227,1,3,22,5.5363,2.6707
227,1,3,23,4.4704,1.4368
227,1,3,24,5.5555,3.1347
227,1,3,25,2.5315,5.2831
227,1,3,26,4.1562,4.6075
227,1,3,27,8.9925,8.7731
227,1,3,28,5.6789,5.868
227,1,3,29,2.0077,3.2113
227,1,3,30,2.2892,-2.7028
227,1,3,31,0.13373,-0.1656
227,1,3,32,5.042,4.6784
227,1,3,33,2.4514,3.7964
227,1,3,34,1.8299,-0.90452
227,1,3,35,3.5057,4.1233
227,1,3,36,11.169,9.0166
227,1,3,37,3.6659,5.7391
227,1,3,38,3.9939,3.9219
227,1,3,39,4.0193,0.66678
227,1,3,40,2.102,5.5964
227,1,4,1,-41.024,-38.736
227,1,4,2,-29.39,-30.334
227,1,4,3,-22.438,-25.557
227,1,4,4,-19.591,-21.409
227,1,4,5,-8.8568,-9.8201
227,1,4,6,-7.3556,-4.3357
227,1,4,7,-5.2748,-9.4175
227,1,4,8,-5.375,-5.2137
227,1,4,9,-7.3422,-10.5
227,1,4,10,-7.1821,-8.1418
227,1,4,11,-3.5354,-7.0164
227,1,4,12,-2.812,-3.4555
227,1,4,13,-2.6928,-2.9977
227,1,4,14,-5.1147,-3.6119
227,1,4,15,-6.439,-2.8564
227,1,4,16,-4.6806,-6.0943
227,1,4,17,-7.6037,0.09855
227,1,4,18,-5.3953,-7.3583
227,1,4,19,-4.9072,-7.6905
227,1,4,20,-3.2917,-5.7266
227,1,5,1,30.126,27.431
227,1,5,2,15.434,15.638
227,1,5,3,8.5877,6.5049
227,1,5,4,10.477,11.174
227,1,5,5,1.1098,1.8517
227,1,5,6,9.4791,4.5911
227,1,5,7,3.486,13.583
227,1,5,8,0.034575,6.0202
227,1,5,9,2.1316,1.8013
227,1,5,10,-0.97498,0.94045
227,1,5,11,3.6361,3.7894
227,1,5,12,0.91018,-0.73277
227,1,5,13,4.4092,2.5723
227,1,5,14,2.4415,3.2597
227,1,5,15,2.4911,-2.1804
227,1,5,16,0.61234,-1.5094
227,1,5,17,2.3978,0.35081
227,1,5,18,2.3494,1.6579
227,1,5,19,1.0795,1.5647
227,1,5,20,5.0436,-1.1156
228,3,2,1,-3.9785,-3.4019
228,3,2,2,2.5518,-0.64227
228,3,2,3,-0.08342,-0.26198
228,3,2,4,1.7143,-2.5341
228,3,2,5,-1.9669,-2.0536
228,3,2,6,0.7881,-2.5078
228,3,2,7,-1.4883,-0.75397
228,3,2,8,-0.39647,-0.10594
228,3,2,9,1.9957,2.2777
228,3,2,10,-1.96,-4.6236
228,3,3,1,39.553,39.245
228,3,3,2,30.551,31.603
228,3,3,3,29.088,23.703
228,3,3,4,25.976,27.15
228,3,3,5,23.264,23.428
228,3,3,6,17.338,16.347
228,3,3,7,16.226,18.598
228,3,3,8,12.253,16.95
228,3,3,9,12.955,12.95
228,3,3,10,10.321,10.456
228,3,3,11,8.1239,6.8674
228,3,3,12,8.5328,9.2527
228,3,3,13,5.9947,6.2469
228,3,3,14,6.6499,10.258
228,3,3,15,9.4747,6.9417
228,3,3,16,10.081,10.479
228,3,3,17,11.052,8.5469
228,3,3,18,8.5812,5.9185
228,3,3,19,5.582,7.2576
228,3,3,20,4.6883,9.3871
228,3,3,21,7.5645,9.6788
228,3,3,22,6.9453,6.7879
228,3,3,23,9.6586,6.3017
228,3,3,24,3.9023,5.0824
228,3,3,25,8.0337,8.8177
228,3,3,26,7.6132,5.1852
228,3,3,27,6.1105,4.5253
228,3,3,28,8.8096,6.7782
228,3,3,29,9.0663,9.8436
228,3,3,30,6.2946,7.8895
228,3,3,31,6.8757,3.7956
228,3,3,32,7.6931,6.2094
228,3,3,33,7.276,2.8753
228,3,3,34,10.186,14.316
228,3,3,35,8.4131,10.688
228,3,3,36,3.188,2.4067
228,3,3,37,5.7065,1.2195
228,3,3,38,10.597,13.123
228,3,3,39,9.5194,11.39
228,3,3,40,5.7823,7.8561
228,3,4,1,-27.137,-28.386
228,3,4,2,-13.292,-15.829
228,3,4,3,-13.434,-18.463
228,3,4,4,-8.2022,-9.5805
228,3,4,5,-7.2215,-8.6962
228,3,4,6,-10.079,-5.901
228,3,4,7,-7.873,-11.116
228,3,4,8,-6.1324,-10.226
228,3,4,9,-7.2862,-10.13
228,3,4,10,-8.121,-8.7114
228,3,4,11,-2.8735,-4.7711
228,3,4,12,-7.631,-5.2587
228,3,4,13,-1.7021,-3.8099
228,3,4,14,-5.1436,-4.4992
228,3,4,15,-2.7707,-5.6657
228,3,4,16,0.39921,-2.6707
228,3,4,17,1.694,-0.91923
228,3,4,18,-4.0412,-3.5846
228,3,4,19,-5.9678,-8.7828
228,3,4,20,-4.2151,-9.7101
228,3,5,1,30.21,27.284
228,3,5,2,19.096,18.947
228,3,5,3,19.569,17.314
228,3,5,4,14.812,16.147
228,3,5,5,12.206,12.921
228,3,5,6,13.005,17.824
228,3,5,7,11.72,12.235
228,3,5,8,9.5259,6.8232
228,3,5,9,7.9361,7.6591
228,3,5,10,5.0061,4.2723
228,3,5,11,5.1156,4.1184
228,3,5,12,9.0011,8.5735
228,3,5,13,6.1316,8.2501
228,3,5,14,1.5359,1.4502
228,3,5,15,11.025,10.354
228,3,5,16,7.6546,9.6343
228,3,5,17,3.3663,6.4506
228,3,5,18,9.9342,9.0816
228,3,5,19,4.9512,6.5582
228,3,5,20,6.4654,8.5771
230,3,2,1,-4.9188,-6.873
230,3,2,2,-2.234,-0.27292
230,3,2,3,-1.1711,-0.4407
230,3,2,4,0.65874,-2.167
230,3,2,5,-1.7333,-2.3588
230,3,2,6,1.5261,-0.74045
230,3,2,7,-1.7306,-1.6664
230,3,2,8,-0.39041,0.1386
230,3,2,9,-3.0743,-1.0387
230,3,2,10,-1.2203,-4.8834
230,3,3,1,34.014,41.267
230,3,3,2,27.692,32.715
230,3,3,3,17.396,19.037
230,3,3,4,18.914,23.462
230,3,3,5,14.631,15.957
230,3,3,6,13.059,12.244
230,3,3,7,4.3961,0.79604
230,3,3,8,12.584,13.075
230,3,3,9,7.2171,7.6172
230,3,3,10,9.5678,11.062
230,3,3,11,8.0629,4.5287
230,3,3,12,12.295,11.291
230,3,3,13,7.2603,5.9809
230,3,3,14,9.048,8.8496
230,3,3,15,5.0566,3.6124
230,3,3,16,8.6061,7.0762
230,3,3,17,5.9293,4.3624
230,3,3,18,6.1367,5.5423
230,3,3,19,8.7084,5.5298
230,3,3,20,4.9605,2.8096
230,3,3,21,4.5272,1.8875
230,3,3,22,3.3211,4.4092
230,3,3,23,4.3303,4.8603
230,3,3,24,5.9873,6.8033
230,3,3,25,1.3894,7.3187
230,3,3,26,3.034,2.4047
230,3,3,27,3.5869,3.3467
230,3,3,28,2.2718,4.654
230,3,3,29,3.8023,2.9267
230,3,3,30,3.8215,5.9584
230,3,3,31,3.232,1.0327
230,3,3,32,1.9435,3.2765
230,3,3,33,4.6306,2.8514
230,3,3,34,4.888,4.8246
230,3,3,35,3.6188,2.9615
230,3,3,36,3.7073,5.0272
230,3,3,37,2.8873,4.2136
230,3,3,38,3.2051,3.7021
230,3,3,39,5.486,3.5079
230,3,3,40,2.777,2.5622
230,3,4,1,-16.556,-18.477
230,3,4,2,-13.249,-11.246
230,3,4,3,-6.3286,-6.7865
230,3,4,4,-6.053,-5.3224
230,3,4,5,-4.2366,-7.8374
230,3,4,6,-0.86685,-3.7813
230,3,4,7,-0.73087,-0.46495
230,3,4,8,-1.721,-7.3413
230,3,4,9,-3.4431,-0.866
230,3,4,10,-3.4195,0.3498
230,3,4,11,-0.041933,-5.9028
230,3,4,12,-3.0965,-3.0973
230,3,4,13,-2.9291,7.8026
230,3,4,14,-2.4857,-3.909
230,3,4,15,-1.4799,-7.4187
230,3,4,16,-3.9333,-0.81857
230,3,4,17,-2.515,2.5194
230,3,4,18,-4.3414,-1.9029
230,3,4,19,-3.6328,-0.067833
230,3,4,20,-4.7947,-2.8391
230,3,5,1,31.673,21.246
230,3,5,2,15.918,17.511
230,3,5,3,9.5879,13.33
230,3,5,4,12.047,9.1335
230,3,5,5,4.9421,10.422
230,3,5,6,1.1526,3.2539
230,3,5,7,5.1509,2.7753
230,3,5,8,0.82354,5.4745
230,3,5,9,3.4591,-2.4353
230,3,5,10,4.0992,2.3585
230,3,5,11,0.77138,1.4151
230,3,5,12,2.4079,2.7658
230,3,5,13,-1.4737,2.0212
230,3,5,14,2.8692,-2.3194
230,3,5,15,4.1829,3.2045
230,3,5,16,7.8167,-2.1538
230,3,5,17,-0.47079,0.8226
230,3,5,18,8.1386,5.6076
230,3,5,19,2.9059,-0.1629
230,3,5,20,2.62,3.8496
231,1,2,1,1.0607,2.3337
231,1,2,2,3.5428,5.1421
231,1,2,3,-2.8693,-0.6763
231,1,2,4,0.9945,-2.4303
231,1,2,5,0.36654,-0.76803
231,1,2,6,-1.8297,0.48695
231,1,2,7,-0.20551,2.6301
231,1,2,8,2.123,2.0219
231,1,2,9,-1.0857,-1.4797
231,1,2,10,3.9566,-1.4697
231,1,3,1,38.218,42.572
231,1,3,2,32.19,31.4
231,1,3,3,24.822,24.602
231,1,3,4,16.192,14.956
231,1,3,5,11.695,11.248
231,1,3,6,7.1218,5.6933
231,1,3,7,4.6949,2.8695
231,1,3,8,2.5606,0.48042
231,1,3,9,3.8812,2.5161
231,1,3,10,3.965,1.9209
231,1,3,11,3.5754,-1.8037
231,1,3,12,1.7471,-7.3682
231,1,3,13,3.4456,3.5307
231,1,3,14,2.6997,2.9757
231,1,3,15,3.3985,4.4739
231,1,3,16,1.8321,2.3353
231,1,3,17,5.1829,8.1437
231,1,3,18,1.5161,0.078027
231,1,3,19,4.4685,3.8552
231,1,3,20,2.7717,5.3049
231,1,3,21,2.8914,6.0009
231,1,3,22,0.63805,1.8719
231,1,3,23,4.1774,2.3424
231,1,3,24,4.0304,3.0351
231,1,3,25,4.9676,4.5633
231,1,3,26,3.1813,3.0948
231,1,3,27,2.2019,3.7035
231,1,3,28,2.5,2.0871
231,1,3,29,1.7736,4.711
231,1,3,30,0.19536,1.6434
231,1,3,31,3.7219,2.9156
231,1,3,32,3.4529,8.0375
231,1,3,33,2.3508,6.2378
231,1,3,34,0.65331,1.303
231,1,3,35,0.3143,3.0743
231,1,3,36,3.5288,2.2744
231,1,3,37,4.3534,0.46475
231,1,3,38,3.0202,1.2252
231,1,3,39,4.4998,3.5444
231,1,3,40,2.335,1.3437
231,1,4,1,-34.137,-37.608
231,1,4,2,-23.354,-22.791
231,1,4,3,-16.356,-17.901
231,1,4,4,-9.9433,-12.994
231,1,4,5,-2.3226,-6.2659
231,1,4,6,-4.1319,-6.6667
231,1,4,7,-3.0716,-9.072
231,1,4,8,-2.955,-7.24
231,1,4,9,-1.4117,-6.0267
231,1,4,10,-0.28175,-0.90943
231,1,4,11,0.83346,0.65325
231,1,4,12,-0.9755,-0.60229
231,1,4,13,-0.92827,1.5702
231,1,4,14,-1.7372,-1.5643
231,1,4,15,-1.1163,-2.3139
231,1,4,16,-2.8382,-7.68
231,1,4,17,0.5381,-0.20405
231,1,4,18,0.42238,-1.7032
231,1,4,19,-0.79441,-0.58965
231,1,4,20,-1.0623,-3.0543
231,1,5,1,27.337,28.81
231,1,5,2,12.422,14.721
231,1,5,3,7.2099,6.8785
231,1,5,4,4.834,2.8593
231,1,5,5,7.0642,2.4104
231,1,5,6,2.8307,1.1853
231,1,5,7,4.4684,2.4535
231,1,5,8,4.7543,1.8144
231,1,5,9,4.7631,2.1305
231,1,5,10,3.5139,3.9871
231,1,5,11,4.2923,3.772
231,1,5,12,0.63341,2.7273
231,1,5,13,4.3463,7.306
231,1,5,14,0.70833,0.784
231,1,5,15,4.5236,3.4316
231,1,5,16,3.0148,3.189
231,1,5,17,3.1142,2.1105
231,1,5,18,7.1447,9.0225
231,1,5,19,2.5811,2.9745
231,1,5,20,2.1297,1.3862
232,4,2,1,-0.67327,-0.51837
232,4,2,2,-0.14321,0.99441
232,4,2,3,-0.7927,-2.3848
232,4,2,4,-1.339,-3.0369
232,4,2,5,-1.5181,-0.81111
232,4,2,6,0.48707,-0.69327
232,4,2,7,-2.8794,-1.0949
232,4,2,8,0.05615,-0.6149
232,4,2,9,-1.866,-0.66054
232,4,2,10,-0.47168,2.9963
232,4,3,1,38.94,39.377
232,4,3,2,33.598,31.343
232,4,3,3,19.51,23.194
232,4,3,4,25.161,14.658
232,4,3,5,14.213,14.998
232,4,3,6,13.193,12.349
232,4,3,7,13.68,14.326
232,4,3,8,14.552,14.036
232,4,3,9,10.086,10.211
232,4,3,10,8.3904,4.3883
232,4,3,11,5.7088,6.5988
232,4,3,12,5.3284,6.1723
232,4,3,13,9.1028,6.4123
232,4,3,14,9.1434,8.5593
232,4,3,15,-2.2256,1.4717
232,4,3,16,3.0068,1.075
232,4,3,17,8.6592,8.6146
232,4,3,18,4.6653,1.4838
232,4,3,19,8.2432,4.7067
232,4,3,20,5.6312,6.6463
232,4,3,21,5.0378,3.839
232,4,3,22,5.1598,9.787
232,4,3,23,2.8019,5.0851
232,4,3,24,6.29,5.9095
232,4,3,25,5.0772,9.1079
232,4,3,26,0.44784,1.8812
232,4,3,27,4.4932,3.7431
232,4,3,28,3.4339,0.64392
232,4,3,29,2.0448,4.9053
232,4,3,30,2.0289,4.7845
232,4,3,31,-2.1121,-0.058283
232,4,3,32,2.2136,4.576
232,4,3,33,0.3221,0.328
232,4,3,34,2.9972,-0.39033
232,4,3,35,0.89964,0.82931
232,4,3,36,2.6067,4.0191
232,4,3,37,1.6739,4.6904
232,4,3,38,5.4416,2.4413
232,4,3,39,4.6151,3.8366
232,4,3,40,1.0836,2.1496
232,4,4,1,-25.736,-28.038
232,4,4,2,-22.326,-24.858
232,4,4,3,-19.116,-15.623
232,4,4,4,-13.822,-16.965
232,4,4,5,-8.6038,-12.266
232,4,4,6,-8.4203,-9.6675
232,4,4,7,-10.277,-6.198
232,4,4,8,-5.2413,-7.0302
232,4,4,9,-2.6785,-7.6374
232,4,4,10,-5.474,-1.8038
232,4,4,11,-2.5165,-5.64
232,4,4,12,-3.677,-2.9665
232,4,4,13,-3.5162,-3.0112
232,4,4,14,-2.9276,-4.6169
232,4,4,15,-4.5445,-5.2007
232,4,4,16,-5.6353,-4.2017
232,4,4,17,-0.97147,0.91494
232,4,4,18,-2.3355,-2.6502
232,4,4,19,-1.6711,-5.1033
232,4,4,20,-2.238,-4.8297
232,4,5,1,27.915,27.994
232,4,5,2,22.212,22.927
232,4,5,3,14.455,11.385
232,4,5,4,8.3245,6.1607
232,4,5,5,8.4471,7.6796
232,4,5,6,9.8225,8.005
232,4,5,7,8.6553,6.0629
232,4,5,8,2.8687,2.4013
232,4,5,9,3.8204,4.7264
232,4,5,10,6.2789,4.6638
232,4,5,11,2.7448,6.6347
232,4,5,12,5.5783,11.228
232,4,5,13,4.9931,9.9343
232,4,5,14,5.7155,5.7145
232,4,5,15,2.3464,4.6829
232,4,5,16,3.9745,4.5835
232,4,5,17,2.976,3.3091
232,4,5,18,5.8809,0.10045
232,4,5,19,3.1911,5.7328
232,4,5,20,6.2318,2.4171
233,4,2,1,0.10726,1.0635
233,4,2,2,1.4293,0.62392
233,4,2,3,-0.28516,-1.3544
233,4,2,4,0.93726,-0.16442
233,4,2,5,1.6365,0.9775
233,4,2,6,-1.7969,-0.75792
233,4,2,7,-0.97828,-1.1479
233,4,2,8,-1.5228,-2.5233
233,4,2,9,-0.066807,1.4695
233,4,2,10,0.11073,-0.52254
233,4,3,1,42.54,41.133
233,4,3,2,32.755,33.688
233,4,3,3,21.758,20.543
233,4,3,4,17.67,19.753
233,4,3,5,23.51,23.642
233,4,3,6,32.464,31.914
233,4,3,7,14.666,16.457
233,4,3,8,17.561,19.177
233,4,3,9,7.1816,8.3777
233,4,3,10,-1.9001,3.0241
233,4,3,11,0.41863,-0.34684
233,4,3,12,6.6042,5.9755
233,4,3,13,0.65216,0.65373
233,4,3,14,5.2025,5.4479
233,4,3,15,2.9445,2.4255
233,4,3,16,0.50262,0.95976
233,4,3,17,1.1237,0.86912
233,4,3,18,1.4297,3.3272
233,4,3,19,0.58479,-0.16925
233,4,3,20,0.035525,-0.005575
233,4,3,21,3.6363,3.4339
233,4,3,22,2.5294,4.1651
233,4,3,23,5.1198,3.2445
233,4,3,24,4.4974,3.7573
233,4,3,25,2.4583,1.6646
233,4,3,26,2.578,3.1507
233,4,3,27,4.8581,1.686
233,4,3,28,-2.1854,0.3082
233,4,3,29,0.63647,-1.9115
233,4,3,30,-1.5248,0.76737
233,4,3,31,1.2378,0.84666
233,4,3,32,0.30755,1.0447
233,4,3,33,3.7125,6.1191
233,4,3,34,-1.0818,0.4405
233,4,3,35,2.0563,0.82495
233,4,3,36,6.7561,7.7649
233,4,3,37,1.8949,-1.6577
233,4,3,38,0.60163,0.83251
233,4,3,39,1.2021,2.593
233,4,3,40,2.4669,-1.6125
233,4,4,1,-29.5,-29.512
233,4,4,2,-15.08,-16.605
233,4,4,3,-12.804,-12.896
233,4,4,4,-8.7181,-4.5663
233,4,4,5,-3.789,-6.3578
233,4,4,6,-1.5169,-2.8406
233,4,4,7,-1.7339,0.68265
233,4,4,8,-3.2086,-6.3516
233,4,4,9,-0.74003,-0.36316
233,4,4,10,0.51343,-3.7055
233,4,4,11,-3.0116,-3.1239
233,4,4,12,-0.87666,-1.6841
233,4,4,13,-0.87819,-0.21195
233,4,4,14,-2.6028,-0.8793
233,4,4,15,-0.65875,-1.0096
233,4,4,16,-1.1418,-0.48423
233,4,4,17,0.47571,0.62809
233,4,4,18,-0.28056,-0.31625
233,4,4,19,-2.3823,-2.2781
233,4,4,20,-1.4212,-2.3375
233,4,5,1,24.942,24.256
233,4,5,2,7.9832,10.08
233,4,5,3,7.1303,6.6639
233,4,5,4,1.181,-1.2502
233,4,5,5,-1.5845,0.98287
233,4,5,6,-0.93785,0.24867
233,4,5,7,-1.6033,-0.51758
233,4,5,8,-2.0659,-0.23938
233,4,5,9,-0.76233,-2.1691
233,4,5,10,0.24621,-0.86882
233,4,5,11,2.1501,-0.084025
233,4,5,12,-0.47504,-1.0463
233,4,5,13,2.8971,6.3698
233,4,5,14,2.5826,-2.2528
233,4,5,15,0.067825,-0.042625
233,4,5,16,-0.37267,-2.3337
233,4,5,17,1.5212,2.3639
233,4,5,18,-0.19571,-1.4869
233,4,5,19,-1.5601,2.6017
233,4,5,20,-5.897,-6.2032
235,1,2,1,-2.0383,-1.6915
235,1,2,2,-5.3298,-2.7213
235,1,2,3,-2.9957,-1.0084
235,1,2,4,1.1393,-0.14556
235,1,2,5,2.5582,-4.9208
235,1,2,6,-1.5533,-3.2316
235,1,2,7,-2.6824,-4.1021
235,1,2,8,0.031786,-3.3436
235,1,2,9,-0.62474,-2.6162
235,1,2,10,-0.02406,0.80684
235,1,3,1,35.246,37.063
235,1,3,2,27.763,27.912
235,1,3,3,17.43,16.035
235,1,3,4,16.01,17.504
235,1,3,5,15.097,10.536
235,1,3,6,12.037,13.915
235,1,3,7,7.9859,10.048
235,1,3,8,9.2531,10.55
235,1,3,9,8.7967,7.1747
235,1,3,10,9.4238,2.1817
235,1,3,11,8.9636,7.108
235,1,3,12,5.5221,3.8931
235,1,3,13,2.3595,3.7988
235,1,3,14,6.3186,5.5017
235,1,3,15,6.1373,5.725
235,1,3,16,6.6265,6.4224
235,1,3,17,3.4341,2.0481
235,1,3,18,1.596,2.7685
235,1,3,19,11.542,6.8747
235,1,3,20,5.0964,6.018
235,1,3,21,4.0329,4.2686
235,1,3,22,3.7957,4.6901
235,1,3,23,4.4583,5.0584
235,1,3,24,6.6008,7.3773
235,1,3,25,2.963,3.8759
235,1,3,26,5.7082,6.6925
235,1,3,27,6.4927,10.135
235,1,3,28,5.2259,3.1457
235,1,3,29,0.02966,1.4036
235,1,3,30,6.1096,4.5141
235,1,3,31,0.29825,0.31102
235,1,3,32,3.8114,4.4329
235,1,3,33,0.80298,2.8846
235,1,3,34,4.1278,5.1855
235,1,3,35,1.625,-0.98992
235,1,3,36,4.2527,4.1534
235,1,3,37,-0.8883,-0.69465
235,1,3,38,3.9328,2.8096
235,1,3,39,-1.4132,1.1565
235,1,3,40,-1.1014,0.98706
235,1,4,1,-31.138,-36.317
235,1,4,2,-24.157,-26.34
235,1,4,3,-16.62,-15.009
235,1,4,4,-14.536,-19.66
235,1,4,5,-15.312,-16.734
235,1,4,6,-12.937,-15.167
235,1,4,7,-11.552,-13.308
235,1,4,8,-6.8756,-10.167
235,1,4,9,-6.9967,-10.329
235,1,4,10,-9.659,-12.003
235,1,4,11,-9.8216,-11.94
235,1,4,12,-6.749,-5.2522
235,1,4,13,-3.8018,-7.1809
235,1,4,14,-3.0499,-5.0509
235,1,4,15,-10.356,-10.621
235,1,4,16,-7.7736,-9.8148
235,1,4,17,-4.5859,-5.832
235,1,4,18,-6.2566,-10.96
235,1,4,19,-4.0729,-4.8197
235,1,4,20,-3.5723,-2.7759
235,1,5,1,16.02,16.986
235,1,5,2,10.998,14.114
235,1,5,3,12.449,12.515
235,1,5,4,14.09,17.395
235,1,5,5,6.1249,7.3391
235,1,5,6,4.4973,3.0471
235,1,5,7,4.1415,5.1761
235,1,5,8,2.4524,6.6147
235,1,5,9,3.4309,0.67234
235,1,5,10,10.572,9.8941
235,1,5,11,7.3837,7.1965
235,1,5,12,7.2956,7.5301
235,1,5,13,2.4632,0.037105
235,1,5,14,3.2329,3.7196
235,1,5,15,4.5303,-0.59551
235,1,5,16,6.6133,3.6637
235,1,5,17,4.1589,5.3002
235,1,5,18,8.6773,8.3058
235,1,5,19,1.9891,5.16
235,1,5,20,3.6406,9.7994
236,3,2,1,-2.4389,-1.143
236,3,2,2,-0.2149,-4.418
236,3,2,3,0.42778,-1.3213
236,3,2,4,3.648,3.4408
236,3,2,5,-2.8133,-0.7161
236,3,2,6,-0.49482,-0.62824
236,3,2,7,0.82415,3.1938
236,3,2,8,0.9222,0.47986
236,3,2,9,-1.7438,-1.1529
236,3,2,10,-3.1657,0.30657
236,3,3,1,38.418,37.405
236,3,3,2,24.936,23.608
236,3,3,3,15.437,13.635
236,3,3,4,6.9572,4.956
236,3,3,5,3.926,4.4814
236,3,3,6,6.8841,3.3373
236,3,3,7,-0.42918,-0.45966
236,3,3,8,3.4478,4.2931
236,3,3,9,1.6469,1.9766
236,3,3,10,0.88255,2.89
236,3,3,11,1.782,1.6845
236,3,3,12,1.1483,3.9048
236,3,3,13,3.1775,2.3505
236,3,3,14,3.9202,1.8819
236,3,3,15,3.127,2.6332
236,3,3,16,1.5621,-0.32435
236,3,3,17,2.28,4.4663
236,3,3,18,3.7731,-1.1841
236,3,3,19,2.6161,2.8344
236,3,3,20,2.5391,3.6224
236,3,3,21,2.2645,1.6597
236,3,3,22,1.5338,2.6516
236,3,3,23,3.082,5.1213
236,3,3,24,0.18348,0.36773
236,3,3,25,1.3365,1.2157
236,3,3,26,3.3093,2.3864
236,3,3,27,-0.23392,4.5056
236,3,3,28,-0.9982,-1.7725
236,3,3,29,3.0781,1.6206
236,3,3,30,1.5655,1.9609
236,3,3,31,2.1733,3.0886
236,3,3,32,3.2202,4.6278
236,3,3,33,-1.1586,0.21
236,3,3,34,-0.3447,2.6238
236,3,3,35,-0.38926,0.54245
236,3,3,36,1.4272,-0.35487
236,3,3,37,-1.374,0.0371
236,3,3,38,0.56888,-2.0092
236,3,3,39,1.4465,-0.81571
236,3,3,40,1.1816,1.1859
236,3,4,1,-22.897,-24.764
236,3,4,2,-17.216,-13.819
236,3,4,3,-5.5001,-4.883
236,3,4,4,-4.4319,-5.256
236,3,4,5,-3.7371,-4.2933
236,3,4,6,-2.5667,-6.0044
236,3,4,7,-0.26325,-3.5811
236,3,4,8,-4.2343,1.2824
236,3,4,9,-3.0813,-5.0732
236,3,4,10,-1.5801,-4.2948
236,3,4,11,-2.5265,-1.6001
236,3,4,12,0.89126,-0.98387
236,3,4,13,-3.0225,-0.7382
236,3,4,14,-0.96705,-5.5265
236,3,4,15,-2.88,-1.5696
236,3,4,16,-3.1702,-1.4553
236,3,4,17,-2.3691,-4.3363
236,3,4,18,-0.11774,-3.2788
236,3,4,19,0.26858,-3.288
236,3,4,20,-2.2295,-1.5418
236,3,5,1,25.206,24.709
236,3,5,2,5.3946,6.3809
236,3,5,3,3.685,-1.4023
236,3,5,4,0.49383,1.5676
236,3,5,5,4.8147,6.1621
236,3,5,6,0.0067725,0.25542
236,3,5,7,-2.0617,-1.3711
236,3,5,8,1.7461,-0.99758
236,3,5,9,1.5849,-0.77586
236,3,5,10,3.8434,4.5299
236,3,5,11,3.9808,3.3322
236,3,5,12,0.64994,2.9519
236,3,5,13,0.038375,1.4819
236,3,5,14,0.35507,0.57771
236,3,5,15,-0.0079225,2.6093
236,3,5,16,-0.92611,-1.6937
236,3,5,17,-0.12322,-1.4419
236,3,5,18,1.345,0.81121
236,3,5,19,2.8636,3.2768
236,3,5,20,2.0129,1.9749
238,1,2,1,-3.4952,-3.5683
238,1,2,2,-3.1421,-2.8536
238,1,2,3,2.1547,-3.5477
238,1,2,4,-2.8939,-6.4131
238,1,2,5,-0.24734,-3.3
238,1,2,6,2.2935,-4.6558
238,1,2,7,1.0232,0.99753
238,1,2,8,-1.4405,-0.50742
238,1,2,9,-4.4242,-4.0772
238,1,2,10,-2.0904,-3.1509
238,1,3,1,38.902,38.784
238,1,3,2,34.622,33.252
238,1,3,3,18.393,26.801
238,1,3,4,8.4993,6.871
238,1,3,5,11.065,11.289
238,1,3,6,4.7619,5.1725
238,1,3,7,3.0731,6.8951
238,1,3,8,6.4001,10.018
238,1,3,9,3.9842,5.201
238,1,3,10,9.057,8.1425
238,1,3,11,4.5531,5.3801
238,1,3,12,7.779,8.0472
238,1,3,13,4.1579,3.0123
238,1,3,14,3.0132,4.481
238,1,3,15,5.679,8.1915
238,1,3,16,1.8532,1.2927
238,1,3,17,0.10477,0.35828
238,1,3,18,1.8781,0.43433
238,1,3,19,2.023,0.74032
238,1,3,20,1.8114,3.0065
238,1,3,21,5.3189,1.2185
238,1,3,22,5.2271,-3.1916
238,1,3,23,7.9338,7.2027
238,1,3,24,4.9577,1.4251
238,1,3,25,3.1751,2.1772
238,1,3,26,5.1742,7.4242
238,1,3,27,2.8055,-5.3182
238,1,3,28,6.7539,10.199
238,1,3,29,5.1357,3.9979
238,1,3,30,3.2213,4.2526
238,1,3,31,1.1793,-1.1811
238,1,3,32,8.3802,9.8825
238,1,3,33,3.3966,4.8485
238,1,3,34,4.1686,2.442
238,1,3,35,4.0812,4.7153
238,1,3,36,0.36837,3.9779
238,1,3,37,2.0635,2.5527
238,1,3,38,5.7301,3.8351
238,1,3,39,4.5224,2.1819
238,1,3,40,-1.3445,0.6857
238,1,4,1,-30.031,-28.638
238,1,4,2,-20.632,-15.783
238,1,4,3,-17.681,-13.2
238,1,4,4,-10.379,-6.6962
238,1,4,5,-7.798,-9.1019
238,1,4,6,-8.7878,-6.6586
238,1,4,7,-8.7194,-18.483
238,1,4,8,-5.1932,-7.5864
238,1,4,9,-2.383,-1.9273
238,1,4,10,-3.3691,-7.6829
238,1,4,11,-4.9999,-4.9555
238,1,4,12,-5.5937,-2.5871
238,1,4,13,-2.5286,-3.803
238,1,4,14,-3.6902,-2.9001
238,1,4,15,-4.154,0.029525
238,1,4,16,-5.932,-4.1587
238,1,4,17,-2.9666,-8.45
238,1,4,18,-2.2347,-0.89965
238,1,4,19,-0.83995,-2.7511
238,1,4,20,-1.3371,-5.8658
238,1,5,1,33.397,32.002
238,1,5,2,20.146,19.812
238,1,5,3,11.048,9.8854
238,1,5,4,10.174,10.64
238,1,5,5,2.8011,1.1414
238,1,5,6,7.2881,8.2979
238,1,5,7,1.4052,-1.5503
238,1,5,8,0.9997,4.0654
238,1,5,9,8.7073,3.7275
238,1,5,10,5.4083,7.4742
238,1,5,11,1.4713,0.081942
238,1,5,12,2.2751,1.7296
238,1,5,13,1.1166,6.8218
238,1,5,14,2.4938,2.6473
238,1,5,15,1.5027,5.9996
238,1,5,16,5.4557,1.5952
238,1,5,17,10.456,10.592
238,1,5,18,2.1833,7.0576
238,1,5,19,3.5724,0.32945
238,1,5,20,6.0265,0.12655
239,3,2,1,-2.0278,-0.45944
239,3,2,2,-0.82423,-1.5498
239,3,2,3,-3.9718,-0.7421
239,3,2,4,-1.266,4.6976
239,3,2,5,-0.66382,-0.001805
239,3,2,6,1.6035,2.9663
239,3,2,7,-2.9637,-2.3945
239,3,2,8,0.37493,-2.1512
239,3,2,9,-1.474,-0.7459
239,3,2,10,1.1291,0.03806
239,3,3,1,46.515,49.931
239,3,3,2,16.274,20.614
239,3,3,3,8.6112,11.785
239,3,3,4,10.632,6.6046
239,3,3,5,4.023,9.9141
239,3,3,6,8.0942,6.4875
239,3,3,7,5.9444,1.0092
239,3,3,8,2.06,5.106
239,3,3,9,4.2227,3.3661
239,3,3,10,3.471,2.2174
239,3,3,11,5.0811,2.0221
239,3,3,12,1.2903,1.2073
239,3,3,13,4.613,3.6808
239,3,3,14,2.6978,1.9944
239,3,3,15,1.1537,6.1226
239,3,3,16,1.3102,-0.20824
239,3,3,17,0.38586,1.5669
239,3,3,18,4.3793,4.5251
239,3,3,19,3.0546,0.86774
239,3,3,20,0.492,5.4843
239,3,3,21,6.4597,7.2541
239,3,3,22,3.2668,2.5588
239,3,3,23,2.6867,6.5576
239,3,3,24,0.060383,3.8294
239,3,3,25,3.7505,1.7976
239,3,3,26,1.7837,-0.59682
239,3,3,27,2.998,2.1803
239,3,3,28,2.8256,4.9108
239,3,3,29,3.5407,3.0885
239,3,3,30,3.979,6.2599
239,3,3,31,2.9269,2.4768
239,3,3,32,1.8295,5.2413
239,3,3,33,3.2134,0.96375
239,3,3,34,3.0374,5.7396
239,3,3,35,2.5805,8.4757
239,3,3,36,2.6423,0.3645
239,3,3,37,1.5328,4.4968
239,3,3,38,1.4587,1.6578
239,3,3,39,0.46714,2.604
239,3,3,40,-0.14479,1.9627
239,3,4,1,-27.357,-27.159
239,3,4,2,-18.491,-21.413
239,3,4,3,-6.4287,-4.901
239,3,4,4,-1.1273,-3.3845
239,3,4,5,3.2003,0.41001
239,3,4,6,1.1375,-3.0994
239,3,4,7,-2.9946,-1.7943
239,3,4,8,-0.7798,-1.1359
239,3,4,9,-3.2605,-3.2608
239,3,4,10,0.8418,2.8089
239,3,4,11,-1.5553,-3.2328
239,3,4,12,-1.1651,-1.0638
239,3,4,13,-2.8068,-0.32127
239,3,4,14,-0.9064,-2.7517
239,3,4,15,-3.1157,-3.2461
239,3,4,16,-1.9428,-1.7138
239,3,4,17,-0.15785,-4.7699
239,3,4,18,-0.64006,-1.2093
239,3,4,19,-1.0133,-0.49955
239,3,4,20,-2.2252,-2.9408
239,3,5,1,20.646,26.162
239,3,5,2,11.559,11.939
239,3,5,3,7.4969,3.279
239,3,5,4,3.4789,2.1769
239,3,5,5,2.2766,2.2507
239,3,5,6,1.607,3.9836
239,3,5,7,1.8523,0.647
239,3,5,8,3.5104,3.1548
239,3,5,9,0.27205,1.8931
239,3,5,10,0.55078,4.3732
239,3,5,11,1.8187,-0.78268
239,3,5,12,5.8564,2.382
239,3,5,13,1.489,1.2552
239,3,5,14,2.8934,-0.8538
239,3,5,15,4.4635,5.7294
239,3,5,16,1.1565,5.5016
239,3,5,17,2.5325,1.2309
239,3,5,18,2.9647,5.5811
239,3,5,19,0.24064,-0.036675
239,3,5,20,-0.81152,3.3003
240,4,2,1,-2.0341,-4.3226
240,4,2,2,3.9403,2.503
240,4,2,3,1.7963,-0.94433
240,4,2,4,0.073185,-0.54795
240,4,2,5,-0.32868,1.7921
240,4,2,6,1.955,-3.4412
240,4,2,7,-1.793,1.4835
240,4,2,8,0.080987,-3.83
240,4,2,9,0.32243,0.81169
240,4,2,10,0.67715,0.0919
240,4,3,1,36.461,40.079
240,4,3,2,33.159,32.811
240,4,3,3,30.462,30.966
240,4,3,4,26.221,25.804
240,4,3,5,26.13,26.337
240,4,3,6,23.104,22.721
240,4,3,7,20.662,21.465
240,4,3,8,14.866,17.701
240,4,3,9,16.201,18.731
240,4,3,10,20.074,19.681
240,4,3,11,17.075,14.361
240,4,3,12,10.938,12.981
240,4,3,13,9.2968,12.59
240,4,3,14,9.365,11.063
240,4,3,15,8.6927,7.6993
240,4,3,16,7.3591,6.9544
240,4,3,17,6.5837,6.7243
240,4,3,18,10.178,13.163
240,4,3,19,7.841,5.1378
240,4,3,20,10.591,5.986
240,4,3,21,4.9917,3.8563
240,4,3,22,8.1544,10.477
240,4,3,23,1.9897,5.7182
240,4,3,24,5.3485,2.0824
240,4,3,25,2.3688,5.2341
240,4,3,26,5.0501,0.7722
240,4,3,27,3.5033,1.8985
240,4,3,28,2.4025,3.4831
240,4,3,29,-2.3778,2.7109
240,4,3,30,2.3128,1.2152
240,4,3,31,1.7105,2.3125
240,4,3,32,3.8487,6.3547
240,4,3,33,2.987,4.0288
240,4,3,34,5.6053,10.522
240,4,3,35,7.2774,5.2497
240,4,3,36,4.5138,5.4515
240,4,3,37,-1.1726,0.83848
240,4,3,38,1.0164,3.5042
240,4,3,39,9.3365,4.7738
240,4,3,40,4.2912,8.1609
240,4,4,1,-27.282,-23.119
240,4,4,2,-17.209,-20.469
240,4,4,3,-12.836,-15.082
240,4,4,4,-5.4985,-4.4212
240,4,4,5,-4.6494,-8.1899
240,4,4,6,-3.4334,-2.8698
240,4,4,7,-1.0109,-0.1755
240,4,4,8,-1.2362,-0.9289
240,4,4,9,-0.04395,-5.6552
240,4,4,10,-0.30829,-3.4681
240,4,4,11,0.57143,3.251
240,4,4,12,1.6594,-5.2721
240,4,4,13,-4.6578,2.69
240,4,4,14,-1.4901,-3.6658
240,4,4,15,-0.71187,0.33612
240,4,4,16,-0.59988,-0.94487
240,4,4,17,-0.46042,-1.4035
240,4,4,18,-1.3002,-2.6545
240,4,4,19,-1.2652,-2.163
240,4,4,20,0.26376,-1.1112
240,4,5,1,35.818,34.747
240,4,5,2,23.8,20.159
240,4,5,3,16.579,14.445
240,4,5,4,15.981,12.618
240,4,5,5,10.252,9.8827
240,4,5,6,7.4122,10.018
240,4,5,7,7.8077,7.0822
240,4,5,8,7.841,7.4516
240,4,5,9,2.4652,6.2052
240,4,5,10,5.1324,7.018
240,4,5,11,4.5821,3.5573
240,4,5,12,8.1378,6.1396
240,4,5,13,3.7416,3.4599
240,4,5,14,5.226,4.8011
240,4,5,15,2.5823,1.1832
240,4,5,16,5.4046,5.049
240,4,5,17,5.2988,4.5078
240,4,5,18,5.8926,6.0216
240,4,5,19,11.869,11.352
240,4,5,20,9.1339,8.2783
241,1,2,1,0.91715,3.4129
241,1,2,2,-1.4314,-2.1354
241,1,2,3,-1.4926,-0.9239
241,1,2,4,2.1916,3.6638
241,1,2,5,-0.68474,-1.0865
241,1,2,6,-1.5713,-0.46412
241,1,2,7,-1.8227,-1.0863
241,1,2,8,0.86219,0.53452
241,1,2,9,-1.8255,0.79798
241,1,2,10,-1.7254,-4.0304
241,1,3,1,33.755,31.021
241,1,3,2,17.759,15.205
241,1,3,3,8.2964,7.2222
241,1,3,4,10.567,5.0336
241,1,3,5,4.5525,3.6208
241,1,3,6,1.7567,3.8498
241,1,3,7,2.5808,6.3207
241,1,3,8,1.7978,4.54
241,1,3,9,2.5654,1.3859
241,1,3,10,4.8734,4.9431
241,1,3,11,1.2096,0.089695
241,1,3,12,4.1007,4.746
241,1,3,13,5.6711,6.8023
241,1,3,14,2.2891,-4.5285
241,1,3,15,0.6185,3.0171
241,1,3,16,2.2591,1.5996
241,1,3,17,3.0492,4.0852
241,1,3,18,0.0976,1.6988
241,1,3,19,2.6146,3.0113
241,1,3,20,1.7335,1.2586
241,1,3,21,5.1181,5.9007
241,1,3,22,1.7143,0.80185
241,1,3,23,1.0763,1.9677
241,1,3,24,-1.2651,0.60864
241,1,3,25,0.3518,1.9046
241,1,3,26,1.4388,2.4093
241,1,3,27,3.1518,3.4385
241,1,3,28,2.6657,3.7494
241,1,3,29,2.7805,1.4698
241,1,3,30,-4.1473,-9.2925
241,1,3,31,0.93685,1.8162
241,1,3,32,2.0507,1.336
241,1,3,33,-0.70361,0.80957
241,1,3,34,-0.50858,-2.1481
241,1,3,35,2.0886,1.3723
241,1,3,36,4.0181,7.849
241,1,3,37,3.4572,3.8048
241,1,3,38,0.6317,2.9283
241,1,3,39,1.803,1.2555
241,1,3,40,-0.29817,-4.4098
241,1,4,1,-32.493,-28.662
241,1,4,2,-27.629,-24.031
241,1,4,3,-20.846,-20.583
241,1,4,4,-6.1166,-8.9693
241,1,4,5,-5.0499,-6.5705
241,1,4,6,-1.7572,-6.4107
241,1,4,7,-6.1502,-5.139
241,1,4,8,-0.63908,-1.5884
241,1,4,9,-3.3297,-5.9796
241,1,4,10,-2.4069,-1.2381
241,1,4,11,-0.25872,-1.8507
241,1,4,12,-2.2718,-3.0408
241,1,4,13,-3.4569,-3.1034
241,1,4,14,-1.1648,0.71703
241,1,4,15,-5.3025,-5.5229
241,1,4,16,-1.3021,-3.5126
241,1,4,17,-1.2998,-2.3622
241,1,4,18,-5.381,-7.498
241,1,4,19,-2.7256,4.0485
241,1,4,20,1.1214,-1.0599
241,1,5,1,19.387,18.682
241,1,5,2,6.1815,7.8819
241,1,5,3,6.6677,7.0421
241,1,5,4,4.1714,4.3891
241,1,5,5,4.1213,5.7921
241,1,5,6,-2.0918,3.8258
241,1,5,7,0.51258,0.64443
241,1,5,8,1.7065,0.62196
241,1,5,9,-0.65968,1.1082
241,1,5,10,1.7862,1.924
241,1,5,11,-0.47453,-1.5119
241,1,5,12,0.072682,1.2134
241,1,5,13,3.8465,5.3322
241,1,5,14,3.081,5.2411
241,1,5,15,1.5318,2.5974
241,1,5,16,3.03,5.5786
241,1,5,17,-0.39091,3.6117
241,1,5,18,0.32562,-5.4772
241,1,5,19,1.5634,2.7879
241,1,5,20,-0.26202,1.3795
242,3,2,1,-1.2092,-1.5577
242,3,2,2,0.83637,3.7109
242,3,2,3,0.0652,-0.31747
242,3,2,4,-2.4506,0.44336
242,3,2,5,-0.33717,1.5811
242,3,2,6,-2.8368,-1.7577
242,3,2,7,-5.2008,-0.36832
242,3,2,8,-0.046255,-1.5347
242,3,2,9,-0.025923,-3.1128
242,3,2,10,-4.1535,0.95605
242,3,3,1,35.276,35.132
242,3,3,2,35.492,32.373
242,3,3,3,31.802,30.695
242,3,3,4,26.153,26.756
242,3,3,5,24.481,25.111
242,3,3,6,26.813,26.447
242,3,3,7,16.445,19.389
242,3,3,8,16.94,19.162
242,3,3,9,12.463,10.031
242,3,3,10,10.692,10.565
242,3,3,11,9.6893,9.894
242,3,3,12,10.74,12.683
242,3,3,13,10.334,10.968
242,3,3,14,11.516,11.004
242,3,3,15,5.5884,6.367
242,3,3,16,6.5191,8.3874
242,3,3,17,7.6265,10.477
242,3,3,18,4.8838,4.9098
242,3,3,19,7.2464,8.2725
242,3,3,20,8.6601,7.1652
242,3,3,21,3.7836,16.305
242,3,3,22,3.956,5.4158
242,3,3,23,10.765,5.9374
242,3,3,24,0.8232,6.1696
242,3,3,25,2.8904,12.571
242,3,3,26,4.6418,7.6083
242,3,3,27,5.9691,6.829
242,3,3,28,7.1833,12.215
242,3,3,29,4.4226,5.1018
242,3,3,30,0.74253,6.4043
242,3,3,31,3.0826,6.88
242,3,3,32,8.3615,4.4924
242,3,3,33,4.3196,3.2687
242,3,3,34,5.5015,5.3344
242,3,3,35,3.0167,7.9703
242,3,3,36,5.4352,3.0064
242,3,3,37,6.0916,6.6359
242,3,3,38,4.227,6.0023
242,3,3,39,2.6577,4.1086
242,3,3,40,0.8253,0.6906
242,3,4,1,-27.373,-24.647
242,3,4,2,-18.308,-13.463
242,3,4,3,-15.085,-14.638
242,3,4,4,-11.903,-4.9717
242,3,4,5,-8.3531,-16.17
242,3,4,6,-7.5776,-8.7342
242,3,4,7,-8.8292,-16.921
242,3,4,8,-6.4181,-5.5455
242,3,4,9,-3.6783,-3.2486
242,3,4,10,-4.4535,-7.2774
242,3,4,11,-5.6276,-7.3681
242,3,4,12,-4.7181,-6.5099
242,3,4,13,-3.3016,-3.0584
242,3,4,14,-2.0246,-6.3716
242,3,4,15,-5.7427,-10.193
242,3,4,16,-2.4395,-7.1804
242,3,4,17,-2.1066,-1.3565
242,3,4,18,-5.3854,-4.6042
242,3,4,19,-3.7941,-3.4267
242,3,4,20,-6.0472,-5.8629
242,3,5,1,30.433,25.433
242,3,5,2,25.564,24.451
242,3,5,3,19.754,19.994
242,3,5,4,21.05,22.29
242,3,5,5,12.719,13.357
242,3,5,6,10.435,15.909
242,3,5,7,15.668,13.57
242,3,5,8,11.296,15.14
242,3,5,9,9.6275,9.6485
242,3,5,10,5.6894,2.3603
242,3,5,11,8.5652,6.3795
242,3,5,12,9.5542,14.215
242,3,5,13,10.358,11.505
242,3,5,14,0.47277,4.2633
242,3,5,15,3.8267,3.2584
242,3,5,16,5.3169,5.3974
242,3,5,17,7.9262,6.6397
242,3,5,18,5.8385,1.2736
242,3,5,19,8.0817,6.8977
242,3,5,20,4.6511,6.3174
243,4,2,1,-4.0326,-4.6006
243,4,2,2,-2.803,-1.3139
243,4,2,3,-3.3056,-3.2813
243,4,2,4,-3.1301,0.21558
243,4,2,5,-1.881,1.542
243,4,2,6,-2.1835,-6.5073
243,4,2,7,-3.4193,-4.6009
243,4,2,8,-4.2689,-5.3206
243,4,2,9,-0.38685,-1.0875
243,4,2,10,-1.6456,-3.6674
243,4,3,1,39.189,39.63
243,4,3,2,37.927,34.877
243,4,3,3,25.355,23.691
243,4,3,4,23.118,23.279
243,4,3,5,19.525,21.906
243,4,3,6,21.268,19.063
243,4,3,7,25.303,22.731
243,4,3,8,30.918,30.933
243,4,3,9,20.399,23.611
243,4,3,10,18.579,21.103
243,4,3,11,11.955,11.232
243,4,3,12,17.406,19.251
243,4,3,13,14.282,15.092
243,4,3,14,13.749,11.783
243,4,3,15,11.028,8.7174
243,4,3,16,9.3708,5.6099
243,4,3,17,10.041,9.7794
243,4,3,18,11.838,12.697
243,4,3,19,7.9996,6.0785
243,4,3,20,7.2555,3.6306
243,4,3,21,9.1704,5.7077
243,4,3,22,8.9573,7.4005
243,4,3,23,10.859,8.2214
243,4,3,24,6.1773,5.1393
243,4,3,25,5.6418,9.2969
243,4,3,26,4.211,6.7156
243,4,3,27,5.6721,4.1056
243,4,3,28,6.6982,7.8289
243,4,3,29,5.8201,6.4307
243,4,3,30,7.7297,7.8629
243,4,3,31,4.4778,6.1846
243,4,3,32,0.80863,4.7309
243,4,3,33,5.5162,9.9897
243,4,3,34,7.5835,8.3888
243,4,3,35,3.1728,8.0268
243,4,3,36,3.542,3.0335
243,4,3,37,3.5555,5.1523
243,4,3,38,4.6143,3.9567
243,4,3,39,2.6222,3.9275
243,4,3,40,5.4234,6.3353
243,4,4,1,-22.701,-26.055
243,4,4,2,-23.263,-22.485
243,4,4,3,-12.471,-11.871
243,4,4,4,-11.565,-17.267
243,4,4,5,-8.8073,-10.869
243,4,4,6,-7.5558,-11.813
243,4,4,7,-12.373,-9.7641
243,4,4,8,-12.057,-10.896
243,4,4,9,-8.1511,-11.928
243,4,4,10,-11.03,-7.236
243,4,4,11,-10.138,-9.5518
243,4,4,12,-8.2291,-7.5218
243,4,4,13,-1.5584,-5.9851
243,4,4,14,-5.8106,-7.5702
243,4,4,15,-4.8655,-6.3867
243,4,4,16,-6.7531,-7.1725
243,4,4,17,-4.8741,-5.8908
243,4,4,18,-6.9912,-5.6928
243,4,4,19,-3.9349,-5.4494
243,4,4,20,-3.8578,-4.6989
243,4,5,1,33.333,31.532
243,4,5,2,9.4429,9.8417
243,4,5,3,8.5125,6.612
243,4,5,4,21.915,22.983
243,4,5,5,13.802,15.352
243,4,5,6,14.399,14.495
243,4,5,7,11.285,7.9317
243,4,5,8,14.96,14.215
243,4,5,9,8.5702,9.4427
243,4,5,10,10.398,10.051
243,4,5,11,9.5636,9.5301
243,4,5,12,9.5727,11.179
243,4,5,13,8.6338,11.854
243,4,5,14,7.881,11.479
243,4,5,15,9.4003,8.4829
243,4,5,16,4.1499,5.7942
243,4,5,17,9.2821,8.7221
243,4,5,18,7.155,7.8423
243,4,5,19,6.021,6.7523
243,4,5,20,14.835,18.772
244,4,2,1,-3.7237,-1.2432
244,4,2,2,-2.5148,0.15137
244,4,2,3,-0.20193,-1.8578
244,4,2,4,-0.33447,-1.2831
244,4,2,5,1.0058,-2.8756
244,4,2,6,-1.3123,-1.153
244,4,2,7,2.8711,-0.81389
244,4,2,8,-0.73088,3.139
244,4,2,9,0.97711,-4.1142
244,4,2,10,-0.93584,-0.032425
244,4,3,1,38.085,32.98
244,4,3,2,28.33,31.881
244,4,3,3,25.563,25.901
244,4,3,4,19.201,20.821
244,4,3,5,9.2856,11.308
244,4,3,6,7.4548,8.822
244,4,3,7,5.4334,2.8689
244,4,3,8,7.7365,8.8085
244,4,3,9,6.3112,3.8872
244,4,3,10,5.2671,5.6485
244,4,3,11,2.2454,4.0564
244,4,3,12,4.7912,5.0768
244,4,3,13,4.2216,5.7472
244,4,3,14,4.82,2.5735
244,4,3,15,0.67056,2.9624
244,4,3,16,6.2532,5.1433
244,4,3,17,3.8586,2.971
244,4,3,18,3.5811,2.6422
244,4,3,19,2.4538,4.7907
244,4,3,20,2.9848,14.221
244,4,3,21,4.2165,6.3834
244,4,3,22,6.0794,9.5701
244,4,3,23,0.10403,-1.7396
244,4,3,24,2.9386,4.2177
244,4,3,25,0.79519,-2.4753
244,4,3,26,5.0133,5.0755
244,4,3,27,7.7976,4.1044
244,4,3,28,2.6598,8.2017
244,4,3,29,4.7862,3.519
244,4,3,30,4.8109,4.7416
244,4,3,31,2.6301,2.3293
244,4,3,32,7.0028,7.2714
244,4,3,33,6.3579,1.7276
244,4,3,34,5.191,4.8386
244,4,3,35,3.9475,3.4678
244,4,3,36,2.765,3.1465
244,4,3,37,-0.7595,1.3553
244,4,3,38,-0.27128,3.8285
244,4,3,39,3.5952,4.7196
244,4,3,40,-0.10223,0.25002
244,4,4,1,-20.952,-24.114
244,4,4,2,-17.489,-20.236
244,4,4,3,-6.1585,-8.9328
244,4,4,4,-4.5101,-3.0813
244,4,4,5,-2.3712,-1.8748
244,4,4,6,-1.8872,-2.6814
244,4,4,7,1.6398,-4.6908
244,4,4,8,-1.3215,-6.3129
244,4,4,9,-2.3854,-4.2177
244,4,4,10,-3.3626,-3.5678
244,4,4,11,-1.8066,-0.85636
244,4,4,12,-2.2101,-4.8834
244,4,4,13,-4.5898,-5.4815
244,4,4,14,-1.4591,-1.8285
244,4,4,15,-5.1805,-3.4854
244,4,4,16,-6.7331,1.2846
244,4,4,17,-5.1425,-5.2933
244,4,4,18,-0.2578,-4.7718
244,4,4,19,-2.8229,-3.5204
244,4,4,20,0.72884,-3.0944
244,4,5,1,19.644,20.797
244,4,5,2,11.546,10.98
244,4,5,3,4.7285,5.8128
244,4,5,4,0.3179,4.0651
244,4,5,5,2.7249,-0.5152
244,4,5,6,-1.7619,-0.18648
244,4,5,7,0.48893,-1.4977
244,4,5,8,-1.0142,-5.2889
244,4,5,9,1.8597,4.3826
244,4,5,10,-2.0423,-5.2646
244,4,5,11,4.0019,-0.35921
244,4,5,12,-2.616,-0.87014
244,4,5,13,5.1134,5.5514
244,4,5,14,-0.81245,-1.3284
244,4,5,15,0.33662,1.0303
244,4,5,16,6.473,0.96747
244,4,5,17,4.7101,8.2732
244,4,5,18,2.5756,3.4185
244,4,5,19,2.8408,3.7592
244,4,5,20,1.6756,2.4776
245,3,2,1,-4.0294,-9.5054
245,3,2,2,-0.57539,1.3003
245,3,2,3,3.4462,1.7795
245,3,2,4,1.2344,2.5624
245,3,2,5,0.55665,6.3833
245,3,2,6,0.44659,-1.0885
245,3,2,7,-0.88865,-3.4863
245,3,2,8,-1.9707,-0.13729
245,3,2,9,0.33145,5.4942
245,3,2,10,-0.29798,-1.0273
245,3,3,1,42.208,38.79
245,3,3,2,35.321,31.432
245,3,3,3,30.707,25.644
245,3,3,4,25.438,27.253
245,3,3,5,20.998,21.434
245,3,3,6,17.954,21.681
245,3,3,7,17.413,19.28
245,3,3,8,14.397,14.28
245,3,3,9,12.538,10.951
245,3,3,10,8.6219,9.0175
245,3,3,11,8.2081,5.4858
245,3,3,12,5.9085,5.6661
245,3,3,13,3.9526,3.8503
245,3,3,14,1.6797,-0.96416
245,3,3,15,7.8477,7.9396
245,3,3,16,4.041,-1.6443
245,3,3,17,5.1006,7.2929
245,3,3,18,3.2863,-1.1314
245,3,3,19,1.9915,-0.50921
245,3,3,20,3.634,3.6756
245,3,3,21,-0.97532,3.2793
245,3,3,22,2.9014,7.395
245,3,3,23,1.3015,2.2311
245,3,3,24,6.1256,7.3907
245,3,3,25,2.9462,5.3283
245,3,3,26,1.7111,3.1003
245,3,3,27,1.5108,2.4152
245,3,3,28,1.7006,0.95867
245,3,3,29,4.4287,2.8502
245,3,3,30,2.1206,-1.3653
245,3,3,31,3.1263,-0.8635
245,3,3,32,3.614,3.8999
245,3,3,33,-0.54642,-0.2771
245,3,3,34,4.8392,7.0716
245,3,3,35,-0.32184,3.3665
245,3,3,36,0.59328,1.1924
245,3,3,37,-0.17304,2.0381
245,3,3,38,3.7512,1.7835
245,3,3,39,4.9391,8.102
245,3,3,40,4.4934,0.26962
245,3,4,1,-23.16,-25.492
245,3,4,2,-25.51,-23.294
245,3,4,3,-15.198,-15.919
245,3,4,4,-11.109,-13.434
245,3,4,5,-10.092,-9.8008
245,3,4,6,-6.971,-10.072
245,3,4,7,-2.0547,-4.2583
245,3,4,8,-4.8007,0.1739
245,3,4,9,-3.8833,-6.9644
245,3,4,10,-2.3638,-1.9329
245,3,4,11,-1.3651,-2.348
245,3,4,12,-4.0876,-4.4031
245,3,4,13,-0.11938,-0.61754
245,3,4,14,-0.60125,-1.6935
245,3,4,15,-3.1164,-1.3211
245,3,4,16,-1.8079,-0.94818
245,3,4,17,-2.291,-2.7645
245,3,4,18,0.36824,-4.5128
245,3,4,19,-3.1638,0.050672
245,3,4,20,-4.1664,-3.7192
245,3,5,1,34.995,38.478
245,3,5,2,21.486,20.672
245,3,5,3,16.615,17.743
245,3,5,4,7.1024,10.832
245,3,5,5,3.381,9.129
245,3,5,6,8.7368,9.6935
245,3,5,7,-1.0052,4.185
245,3,5,8,4.5295,6.488
245,3,5,9,3.6763,5.0528
245,3,5,10,-1.5259,1.2382
245,3,5,11,-1.4846,2.9415
245,3,5,12,5.2123,2.3683
245,3,5,13,3.4866,8.2816
245,3,5,14,3.728,5.9894
245,3,5,15,-0.27355,2.6114
245,3,5,16,0.79795,4.9705
245,3,5,17,-2.6318,3.2595
245,3,5,18,1.6644,1.1287
245,3,5,19,0.7304,4.4304
245,3,5,20,0.24563,0.78838
246,1,2,1,-2.8093,-4.6661
246,1,2,2,-0.64048,-0.63143
246,1,2,3,-3.6046,-1.8461
246,1,2,4,-2.8898,1.0372
246,1,2,5,2.4648,2.8084
246,1,2,6,2.4269,1.3807
246,1,2,7,-0.011872,-1.3877
246,1,2,8,2.6371,-1.5026
246,1,2,9,0.29469,1.9343
246,1,2,10,2.0322,0.99873
246,1,3,1,38.259,36.904
246,1,3,2,31.112,30.861
246,1,3,3,33.795,36.415
246,1,3,4,23.174,21.592
246,1,3,5,27.224,27.812
246,1,3,6,13.251,14.206
246,1,3,7,12.932,14.759
246,1,3,8,12.434,12.08
246,1,3,9,13.112,9.7597
246,1,3,10,17.018,16.911
246,1,3,11,7.5815,9.3017
246,1,3,12,8.5951,11.469
246,1,3,13,7.4755,8.7816
246,1,3,14,7.528,7.3617
246,1,3,15,15.373,12.551
246,1,3,16,9.7592,11.333
246,1,3,17,13.084,12.323
246,1,3,18,4.005,1.0172
246,1,3,19,4.9002,3.9762
246,1,3,20,6.5606,6.252
246,1,3,21,3.7228,9.9006
246,1,3,22,3.2161,2.3194
246,1,3,23,10.188,13.036
246,1,3,24,7.5401,10.662
246,1,3,25,4.9422,6.7697
246,1,3,26,8.7437,6.0502
246,1,3,27,10.543,11.556
246,1,3,28,7.3122,6.5743
246,1,3,29,4.445,2.2341
246,1,3,30,5.4955,6.6981
246,1,3,31,4.1686,0.045925
246,1,3,32,-0.99571,0.12658
246,1,3,33,17.848,13.872
246,1,3,34,-3.2217,-10.763
246,1,3,35,5.7354,-0.36223
246,1,3,36,10.419,7.3667
246,1,3,37,8.0487,9.0472
246,1,3,38,6.5899,7.8295
246,1,3,39,4.2349,6.2595
246,1,3,40,7.4852,9.0124
246,1,4,1,-41.022,-38.826
246,1,4,2,-24.435,-25.381
246,1,4,3,-24.922,-23.612
246,1,4,4,-19.66,-22.2
246,1,4,5,-12.472,-14.348
246,1,4,6,-11.535,-11.05
246,1,4,7,-8.0475,-10.738
246,1,4,8,-3.1658,-9.59
246,1,4,9,-5.5603,-5.8031
246,1,4,10,-6.0425,-4.1607
246,1,4,11,-5.4566,-5.0721
246,1,4,12,-4.5902,-4.6123
246,1,4,13,-6.1851,-9.8
246,1,4,14,-5.0873,-4.1359
246,1,4,15,-4.361,-5.2925
246,1,4,16,-4.676,0.95264
246,1,4,17,-2.6336,0.2345
246,1,4,18,0.04133,1.1873
246,1,4,19,-5.157,-3.4519
246,1,4,20,-3.3962,-4.7839
246,1,5,1,29.945,25.914
246,1,5,2,17.216,16.793
246,1,5,3,21.866,23.87
246,1,5,4,13.224,17.305
246,1,5,5,12.185,14.21
246,1,5,6,9.8735,8.5346
246,1,5,7,11.689,8.6749
246,1,5,8,13.912,14.958
246,1,5,9,11.701,10.981
246,1,5,10,9.5603,11.743
246,1,5,11,8.5638,9.9649
246,1,5,12,10.094,10.857
246,1,5,13,2.2085,1.7765
246,1,5,14,10.569,10.465
246,1,5,15,2.7952,5.8065
246,1,5,16,4.2002,3.7443
246,1,5,17,8.789,9.7273
246,1,5,18,7.9587,9.946
246,1,5,19,5.2662,3.6313
246,1,5,20,5.0793,5.2044
247,1,2,1,4.2135,-9.4431
247,1,2,2,-4.3656,0.99232
247,1,2,3,-5.1987,2.497
247,1,2,4,2.1198,-4.6737
247,1,2,5,-1.3166,-1.784
247,1,2,6,2.523,-0.63777
247,1,2,7,-0.9722,-0.10937
247,1,2,8,-1.5958,-0.006375
247,1,2,9,-4.8151,2.8507
247,1,2,10,0.655,-1.2605
247,1,3,1,42.13,46.624
247,1,3,2,NaN,NaN
247,1,3,3,NaN,NaN
247,1,3,4,4.9716,8.3509
247,1,3,5,12.59,14.773
247,1,3,6,15.436,18.539
247,1,3,7,12.2,5.095
247,1,3,8,-1.0231,4.5966
247,1,3,9,-1.276,0.57258
247,1,3,10,-0.70297,1.6313
247,1,3,11,-1.0114,-0.42708
247,1,3,12,6.0848,2.6493
247,1,3,13,0.74425,7.7373
247,1,3,14,10.463,14.481
247,1,3,15,5.1638,10.674
247,1,3,16,8.0269,8.4455
247,1,3,17,6.5921,3.1283
247,1,3,18,9.4663,15.201
247,1,3,19,4.3866,6.7214
247,1,3,20,2.5139,-1.8076
247,1,3,21,5.5463,9.0868
247,1,3,22,7.5166,15.145
247,1,3,23,6.8305,1.1043
247,1,3,24,5.7921,8.3693
247,1,3,25,-3.0112,-4.6801
247,1,3,26,10.838,11.473
247,1,3,27,7.0794,7.0989
247,1,3,28,2.9657,7.5837
247,1,3,29,-2.4355,0.26335
247,1,3,30,6.8408,6.6896
247,1,3,31,1.6725,2.3669
247,1,3,32,12.786,6.4627
247,1,3,33,4.7977,7.2748
247,1,3,34,8.7651,2.2725
247,1,3,35,5.0881,9.2513
247,1,3,36,3.9164,6.172
247,1,3,37,9.2536,5.5375
247,1,3,38,7.5608,10.188
247,1,3,39,2.4297,5.9309
247,1,3,40,5.3162,12.586
247,1,4,1,-20.19,-22.919
247,1,4,2,-12.386,-16.584
247,1,4,3,-10.451,-12.677
247,1,4,4,-11.012,-11.146
247,1,4,5,-4.6829,-7.5541
247,1,4,6,-6.3791,-10.45
247,1,4,7,-1.0549,-4.3417
247,1,4,8,-3.2794,-9.4013
247,1,4,9,-4.8328,-7.2697
247,1,4,10,-0.1774,-0.6679
247,1,4,11,0.72427,-6.3439
247,1,4,12,2.5226,-4.8552
247,1,4,13,0.76632,-2.9797
247,1,4,14,-3.2769,-8.9296
247,1,4,15,-4.2837,-8.2398
247,1,4,16,-5.0354,-2.0659
247,1,4,17,-3.0813,4.748
247,1,4,18,-9.2525,-10.484
247,1,4,19,-2.6804,-8.9651
247,1,4,20,-1.3637,-4.2512
247,1,5,1,27.46,30.248
247,1,5,2,6.9328,0.46433
247,1,5,3,5.4432,2.3213
247,1,5,4,7.2613,5.0668
247,1,5,5,9.3929,6.5859
247,1,5,6,3.1062,2.983
247,1,5,7,5.7746,5.3871
247,1,5,8,7.1379,6.6811
247,1,5,9,2.3769,-0.27304
247,1,5,10,0.84053,-0.53995
247,1,5,11,5.7328,9.6393
247,1,5,12,-0.67322,2.6743
247,1,5,13,4.6202,2.9571
247,1,5,14,2.9469,6.0893
247,1,5,15,2.5941,5.3432
247,1,5,16,6.0704,10.625
247,1,5,17,7.0019,8.4683
247,1,5,18,8.7983,10.543
247,1,5,19,2.3036,5.5898
247,1,5,20,7.5564,0.29429
248,3,2,1,-4.3358,-5.4541
248,3,2,2,-0.0045575,-3.1301
248,3,2,3,1.0968,-1.3438
248,3,2,4,0.7123,-1.8355
248,3,2,5,1.0225,6.5301
248,3,2,6,2.2201,-3.1388
248,3,2,7,-0.92787,-0.3646
248,3,2,8,-1.5711,-1.2168
248,3,2,9,-0.80633,-0.88728
248,3,2,10,0.80852,1.7615
248,3,3,1,31.647,35.557
248,3,3,2,24.549,25.433
248,3,3,3,22.279,19.247
248,3,3,4,16.85,21.097
248,3,3,5,10.777,10.964
248,3,3,6,7.0682,9.1008
248,3,3,7,6.1706,6.9088
248,3,3,8,7.0884,9.0058
248,3,3,9,3.9858,3.4648
248,3,3,10,2.5612,5.9966
248,3,3,11,3.1653,3.8058
248,3,3,12,4.3284,7.7992
248,3,3,13,6.0286,9.6528
248,3,3,14,5.6009,2.493
248,3,3,15,4.17,2.8082
248,3,3,16,1.1905,-2.8364
248,3,3,17,2.5356,2.6829
248,3,3,18,2.1663,5.2605
248,3,3,19,5.3478,4.5939
248,3,3,20,0.26877,5.2749
248,3,3,21,0.6807,-0.57237
248,3,3,22,-0.66625,-2.3607
248,3,3,23,2.7525,2.6804
248,3,3,24,5.1032,6.7353
248,3,3,25,0.57997,1.0938
248,3,3,26,3.2709,7.4652
248,3,3,27,-0.17861,-0.66887
248,3,3,28,2.6569,4.0114
248,3,3,29,4.883,2.968
248,3,3,30,2.1085,5.1634
248,3,3,31,3.0826,8.6609
248,3,3,32,6.6545,4.1651
248,3,3,33,6.767,9.5144
248,3,3,34,7.0134,4.9567
248,3,3,35,5.543,5.8821
248,3,3,36,1.3383,2.6686
248,3,3,37,-0.056825,0.080235
248,3,3,38,1.1091,1.5995
248,3,3,39,1.3961,2.3423
248,3,3,40,0.67197,1.8296
248,3,4,1,-29.239,-29.65
248,3,4,2,-11.16,-14.861
248,3,4,3,-11.926,-11.346
248,3,4,4,-5.6421,-7.6652
248,3,4,5,-5.6838,-6.1816
248,3,4,6,-4.4904,-6.4757
248,3,4,7,-3.5429,-4.0057
248,3,4,8,-3.8026,-6.1935
248,3,4,9,-4.151,-8.9131
248,3,4,10,-0.21152,-3.5624
248,3,4,11,-0.1729,-0.12112
248,3,4,12,-4.8222,-2.9156
248,3,4,13,-1.8411,-4.032
248,3,4,14,0.10734,-3.0899
248,3,4,15,-3.1374,-3.4631
248,3,4,16,-3.1154,1.7294
248,3,4,17,-1.1227,-4.3309
248,3,4,18,-1.7123,1.197
248,3,4,19,-0.87557,1.0276
248,3,4,20,-0.59193,-1.3955
248,3,5,1,23.876,23.023
248,3,5,2,14.375,14.476
248,3,5,3,11.476,9.5155
248,3,5,4,6.0779,7.0546
248,3,5,5,7.8675,5.6412
248,3,5,6,5.7776,2.539
248,3,5,7,3.3153,4.7507
248,3,5,8,1.7102,2.3881
248,3,5,9,3.3778,3.4845
248,3,5,10,4.3562,6.6785
248,3,5,11,5.4173,9.3569
248,3,5,12,1.5306,4.503
248,3,5,13,5.5427,5.9074
248,3,5,14,2.1071,6.7283
248,3,5,15,0.79245,2.8375
248,3,5,16,3.7861,0.96128
248,3,5,17,6.5806,10.135
248,3,5,18,3.7837,4.3099
248,3,5,19,1.2838,1.5941
248,3,5,20,5.95,11.734
250,4,2,1,-1.9569,-0.84354
250,4,2,2,-4.2981,-3.8019
250,4,2,3,-4.2476,-4.5244
250,4,2,4,-2.9781,-2.3798
250,4,2,5,-3.585,-1.941
250,4,2,6,-3.6487,-2.1945
250,4,2,7,-2.402,-0.27691
250,4,2,8,-2.1676,-4.0331
250,4,2,9,-3.3052,-4.6212
250,4,2,10,-0.75048,-4.0746
250,4,3,1,38.123,42.29
250,4,3,2,31.746,29.551
250,4,3,3,30.755,31.231
250,4,3,4,25.196,27.637
250,4,3,5,21.219,22.114
250,4,3,6,23.799,25.233
250,4,3,7,26.666,25.692
250,4,3,8,16.858,19.549
250,4,3,9,20.72,23.855
250,4,3,10,18.362,17.039
250,4,3,11,16.99,19.097
250,4,3,12,17.424,27.538
250,4,3,13,17.232,14.644
250,4,3,14,14.16,15.364
250,4,3,15,11.361,6.9658
250,4,3,16,13.499,13.314
250,4,3,17,11.533,16.023
250,4,3,18,9.6968,14.564
250,4,3,19,8.2314,7.9476
250,4,3,20,8.049,8.4705
250,4,3,21,7.0136,13.327
250,4,3,22,8.0016,7.186
250,4,3,23,5.632,3.4201
250,4,3,24,9.7499,7.9709
250,4,3,25,3.9834,9.6445
250,4,3,26,5.8069,6.4132
250,4,3,27,4.7499,5.107
250,4,3,28,7.4933,5.7246
250,4,3,29,5.4078,5.8569
250,4,3,30,7.4066,8.2853
250,4,3,31,15.023,13.363
250,4,3,32,6.1451,8.8182
250,4,3,33,3.3063,4.9489
250,4,3,34,3.089,3.8734
250,4,3,35,3.9028,4.2704
250,4,3,36,1.6158,0.44947
250,4,3,37,6.6189,6.7994
250,4,3,38,4.5084,5.2561
250,4,3,39,4.1523,5.4217
250,4,3,40,3.1327,3.5905
250,4,4,1,-25.028,-21.04
250,4,4,2,-20.308,-19.244
250,4,4,3,-16.229,-21.277
250,4,4,4,-13.954,-18.113
250,4,4,5,-15.022,-18.777
250,4,4,6,-12.316,-10.149
250,4,4,7,-9.3358,-11.452
250,4,4,8,-9.1906,-9.1342
250,4,4,9,-8.4782,-7.3107
250,4,4,10,-9.3463,-10.387
250,4,4,11,-8.0859,-7.6336
250,4,4,12,-7.3999,-12.383
250,4,4,13,-9.0968,-7.1793
250,4,4,14,-7.1074,-8.5735
250,4,4,15,-9.4604,-6.4528
250,4,4,16,-4.5106,-7.8022
250,4,4,17,-6.0168,-2.6682
250,4,4,18,-4.0644,-9.6337
250,4,4,19,-8.8201,-4.648
250,4,4,20,-7.2643,-10.158
250,4,5,1,30.153,29.719
250,4,5,2,16.09,18.276
250,4,5,3,17.433,17.989
250,4,5,4,13.382,17.078
250,4,5,5,4.6483,10.71
250,4,5,6,1.4885,0.98623
250,4,5,7,8.9667,9.8711
250,4,5,8,5.7408,6.9228
250,4,5,9,3.6307,2.0905
250,4,5,10,2.5537,6.2651
250,4,5,11,4.8222,5.1812
250,4,5,12,5.5069,8.489
250,4,5,13,1.4661,3.7551
250,4,5,14,6.7681,3.2099
250,4,5,15,4.3297,-0.31888
250,4,5,16,2.0241,2.8552
250,4,5,17,5.7081,1.7698
250,4,5,18,11.813,22.109
250,4,5,19,1.9031,3.7327
250,4,5,20,5.698,5.8163
251,1,2,1,-2.5255,-1.7703
251,1,2,2,-1.7074,3.2331
251,1,2,3,-0.73268,3.283
251,1,2,4,2.1612,1.4253
251,1,2,5,-1.4116,-4.4845
251,1,2,6,-1.3453,-1.0052
251,1,2,7,-0.18617,-0.67989
251,1,2,8,0.92752,-1.6531
251,1,2,9,2.581,-3.5278
251,1,2,10,-0.142,3.0547
251,1,3,1,42.256,41.652
251,1,3,2,27.917,24.725
251,1,3,3,26.441,26.207
251,1,3,4,21.658,17.075
251,1,3,5,16.188,13.989
251,1,3,6,11.18,11.978
251,1,3,7,6.1145,6.4849
251,1,3,8,3.1664,6.4443
251,1,3,9,4.3765,4.4625
251,1,3,10,3.4498,3.5189
251,1,3,11,6.3818,3.8623
251,1,3,12,2.7244,1.0786
251,1,3,13,0.19565,7.3796
251,1,3,14,2.0513,2.5249
251,1,3,15,3.3714,6.2245
251,1,3,16,-0.21325,3.4951
251,1,3,17,2.1285,1.1533
251,1,3,18,-0.9113,2.3041
251,1,3,19,1.3709,8.5656
251,1,3,20,1.4143,3.7104
251,1,3,21,0.4032,1.0898
251,1,3,22,4.1203,4.3914
251,1,3,23,3.624,7.6606
251,1,3,24,3.298,1.9597
251,1,3,25,4.4125,-0.77804
251,1,3,26,1.5204,6.6603
251,1,3,27,3.9554,1.1548
251,1,3,28,-0.85189,-1.5149
251,1,3,29,0.80894,2.51
251,1,3,30,1.3654,3.3498
251,1,3,31,-1.2023,-3.5403
251,1,3,32,1.2381,6.2514
251,1,3,33,0.1293,4.9678
251,1,3,34,2.1049,-3.0354
251,1,3,35,-0.24473,7.0902
251,1,3,36,0.69915,8.3672
251,1,3,37,-0.095417,1.577
251,1,3,38,2.4495,3.459
251,1,3,39,0.26338,4.3905
251,1,3,40,3.3824,-2.5355
251,1,4,1,-25.836,-27.648
251,1,4,2,-24.47,-20.864
251,1,4,3,-11.572,-9.7464
251,1,4,4,-7.76,-6.0614
251,1,4,5,-4.7403,-3.5494
251,1,4,6,-1.0791,-4.9334
251,1,4,7,-2.941,0.48855
251,1,4,8,-6.1058,-2.7717
251,1,4,9,-1.678,-4.4996
251,1,4,10,-4.1156,1.0864
251,1,4,11,-2.2576,-4.1554
251,1,4,12,-2.8791,3.9409
251,1,4,13,-2.5554,0.01541
251,1,4,14,0.15195,4.5406
251,1,4,15,0.9915,-1.3982
251,1,4,16,0.98193,-5.3174
251,1,4,17,1.2749,-0.074843
251,1,4,18,0.83736,1.6555
251,1,4,19,-2.2581,-3.0011
251,1,4,20,-0.64261,-4.8062
251,1,5,1,29.599,32.877
251,1,5,2,15.171,19.428
251,1,5,3,7.0183,4.5085
251,1,5,4,5.8336,1.44
251,1,5,5,-3.1724,2.4038
251,1,5,6,-0.50521,0.65405
251,1,5,7,-0.17096,-5.7163
251,1,5,8,1.301,2.7771
251,1,5,9,-1.6074,-1.4507
251,1,5,10,-0.58129,1.6306
251,1,5,11,-0.24145,9.6242
251,1,5,12,2.1126,1.1217
251,1,5,13,1.5498,3.6954
251,1,5,14,-2.5633,4.3885
251,1,5,15,-0.33755,5.3841
251,1,5,16,-1.6647,5.8566
251,1,5,17,-0.25,-2.077
251,1,5,18,1.0833,-0.54396
251,1,5,19,1.3729,2.5716
251,1,5,20,1.8257,4.0304
252,3,2,1,-1.5734,0.061675
252,3,2,2,0.30058,-2.1203
252,3,2,3,-0.41481,-0.060025
252,3,2,4,0.70321,0.34131
252,3,2,5,-1.6039,3.3374
252,3,2,6,0.46622,1.858
252,3,2,7,-1.037,-0.401
252,3,2,8,-1.2077,0.7888
252,3,2,9,-0.49039,1.6627
252,3,2,10,-0.16252,1.0625
252,3,3,1,37.487,43
252,3,3,2,30.327,31.46
252,3,3,3,27.616,25.947
252,3,3,4,22.055,25.028
252,3,3,5,21.126,24.259
252,3,3,6,18.221,18.984
252,3,3,7,10.122,13.14
252,3,3,8,9.3734,5.8344
252,3,3,9,8.1177,5.9389
252,3,3,10,9.2307,12.924
252,3,3,11,8.8888,8.8649
252,3,3,12,4.1445,5.964
252,3,3,13,5.1263,4.1997
252,3,3,14,5.8272,-1.6147
252,3,3,15,5.3798,6.3556
252,3,3,16,7.2073,8.4988
252,3,3,17,4.611,10.595
252,3,3,18,4.9565,6.3476
252,3,3,19,1.3065,5.1766
252,3,3,20,5.2606,5.0344
252,3,3,21,8.626,4.8963
252,3,3,22,6.8646,9.199
252,3,3,23,5.8899,-0.32862
252,3,3,24,4.056,12.283
252,3,3,25,2.7823,1.159
252,3,3,26,4.5247,5.226
252,3,3,27,4.6112,6.4064
252,3,3,28,3.1404,5.2748
252,3,3,29,3.1119,2.8038
252,3,3,30,7.2271,9.8672
252,3,3,31,4.7508,2.3283
252,3,3,32,3.5056,6.0021
252,3,3,33,3.4875,1.8942
252,3,3,34,3.9071,2.7501
252,3,3,35,5.9624,0.00225
252,3,3,36,5.1855,7.1415
252,3,3,37,7.522,7.623
252,3,3,38,3.1148,-6.5425
252,3,3,39,1.2689,3.9865
252,3,3,40,1.7121,-0.12525
252,3,4,1,-24.863,-27.832
252,3,4,2,-13.342,-12.818
252,3,4,3,-7.4009,-4.6696
252,3,4,4,-9.7103,-12.55
252,3,4,5,-2.1891,-5.9939
252,3,4,6,-1.1674,-2.968
252,3,4,7,-1.4449,-9.9394
252,3,4,8,-2.3502,-0.23533
252,3,4,9,3.7168,-2.7716
252,3,4,10,-3.571,-2.6242
252,3,4,11,1.1099,-1.0376
252,3,4,12,-0.11216,-0.31215
252,3,4,13,-2.8152,1.7696
252,3,4,14,-0.6716,-0.07465
252,3,4,15,-3.113,-6.0151
252,3,4,16,-1.3535,-3.9684
252,3,4,17,-3.0516,-2.7839
252,3,4,18,-6.9991,-9.7125
252,3,4,19,-2.5112,-0.93697
252,3,4,20,-2.3753,-2.622
252,3,5,1,31.195,31.888
252,3,5,2,16.875,12.965
252,3,5,3,10.022,8.742
252,3,5,4,7.4706,8.9013
252,3,5,5,5.697,8.8855
252,3,5,6,3.9461,3.2123
252,3,5,7,3.391,2.7413
252,3,5,8,4.7439,7.3311
252,3,5,9,9.287,5.1142
252,3,5,10,1.5733,5.1226
252,3,5,11,-0.481,-1.2225
252,3,5,12,1.0279,4.9813
252,3,5,13,-1.3762,2.9797
252,3,5,14,2.9818,-0.20393
252,3,5,15,2.3138,3.0349
252,3,5,16,2.9088,7.006
252,3,5,17,4.7537,5.6543
252,3,5,18,1.7014,0.80383
252,3,5,19,3.8711,2.3524
252,3,5,20,3.4379,7.1332
253,1,2,1,-0.42983,-0.95545
253,1,2,2,-2.1592,-2.1745
253,1,2,3,-3.0582,-5.5367
253,1,2,4,-2.1182,-3.9255
253,1,2,5,0.55939,0.97104
253,1,2,6,-4.6824,-2.5793
253,1,2,7,-0.029062,-2.9323
253,1,2,8,-2.6357,-4.5482
253,1,2,9,-2.8929,-4.2548
253,1,2,10,-1.7613,-0.517
253,1,3,1,37.101,33.165
253,1,3,2,26.759,27.497
253,1,3,3,22.295,22.681
253,1,3,4,14.7,18.273
253,1,3,5,18.078,17.537
253,1,3,6,18.702,18.151
253,1,3,7,12.33,16.133
253,1,3,8,13.038,15.57
253,1,3,9,10.679,11.608
253,1,3,10,7.3597,8.7482
253,1,3,11,7.9097,9.946
253,1,3,12,8.655,11.725
253,1,3,13,5.8532,7.6592
253,1,3,14,8.8128,9.5737
253,1,3,15,8.1095,8.0434
253,1,3,16,4.3611,11.554
253,1,3,17,7.6976,10.957
253,1,3,18,4.4983,5.4253
253,1,3,19,5.7774,6.9718
253,1,3,20,5.063,7.0255
253,1,3,21,7.4027,8.1076
253,1,3,22,4.1446,5.593
253,1,3,23,8.1688,10.967
253,1,3,24,2.4703,6.1431
253,1,3,25,3.9736,4.6829
253,1,3,26,2.9737,4.8527
253,1,3,27,3.9028,-0.46877
253,1,3,28,3.9804,6.7221
253,1,3,29,5.5139,8.0452
253,1,3,30,-2.5171,-1.5537
253,1,3,31,6.8295,1.0249
253,1,3,32,9.6499,6.8802
253,1,3,33,5.409,7.7594
253,1,3,34,8.4158,7.2159
253,1,3,35,4.2824,4.1097
253,1,3,36,2.2178,2.2741
253,1,3,37,2.2664,3.5758
253,1,3,38,3.1124,7.6985
253,1,3,39,1.5516,4.8108
253,1,3,40,-0.37805,3.3102
253,1,4,1,-29.221,-24.877
253,1,4,2,-22.082,-20.607
253,1,4,3,-18.915,-20.206
253,1,4,4,-16.441,-16.145
253,1,4,5,-12.975,-15.169
253,1,4,6,-9.7961,-9.3216
253,1,4,7,-8.1083,-7.577
253,1,4,8,-4.459,-7.3221
253,1,4,9,-8.5021,-7.9433
253,1,4,10,-6.3403,-6.4943
253,1,4,11,-4.207,-8.2602
253,1,4,12,-4.1398,-2.8089
253,1,4,13,-4.2278,-7.1277
253,1,4,14,-6.2579,-3.7206
253,1,4,15,-4.65,-7.6922
253,1,4,16,-3.6052,-1.9401
253,1,4,17,-4.8663,-2.7694
253,1,4,18,-3.4059,-5.5906
253,1,4,19,-1.9022,-4.0782
253,1,4,20,-3.7303,-1.0222
253,1,5,1,24.672,24.498
253,1,5,2,12.004,19.012
253,1,5,3,7.5848,9.7325
253,1,5,4,3.5691,4.3399
253,1,5,5,4.0861,5.9259
253,1,5,6,1.951,-2.6422
253,1,5,7,8.5861,2.5651
253,1,5,8,7.0394,8.2653
253,1,5,9,1.0347,2.8525
253,1,5,10,5.5773,2.4089
253,1,5,11,1.1619,3.2248
253,1,5,12,4.1512,4.3391
253,1,5,13,-1.9568,-1.167
253,1,5,14,4.3631,7.2179
253,1,5,15,0.65777,3.282
253,1,5,16,0.35332,5.4257
253,1,5,17,6.2666,8.5837
253,1,5,18,1.7541,1.4186
253,1,5,19,5.0077,2.5317
253,1,5,20,3.1241,1.9482
254,4,2,1,-0.35725,-1.1297
254,4,2,2,0.59925,-2.7994
254,4,2,3,1.7456,1.7653
254,4,2,4,-0.3777,0.56905
254,4,2,5,-2.1235,-0.89343
254,4,2,6,0.7634,1.2779
254,4,2,7,-0.58268,-3.1809
254,4,2,8,-1.9663,-1.5186
254,4,2,9,3.1772,-1.8711
254,4,2,10,-0.61195,4.1753
254,4,3,1,35.661,33.238
254,4,3,2,23.502,24.154
254,4,3,3,21.737,21.378
254,4,3,4,22.795,22.603
254,4,3,5,20.379,22.79
254,4,3,6,25.996,25.599
254,4,3,7,20.284,20.685
254,4,3,8,21.941,22.277
254,4,3,9,18.164,19.639
254,4,3,10,13.832,15.526
254,4,3,11,11.726,12.503
254,4,3,12,9.2282,14.701
254,4,3,13,9.7965,14.652
254,4,3,14,4.0016,7.645
254,4,3,15,3.0486,5.1032
254,4,3,16,4.0026,5.8945
254,4,3,17,8.654,5.4121
254,4,3,18,4.9028,3.2745
254,4,3,19,4.1111,2.0804
254,4,3,20,2.2462,-1.2243
254,4,3,21,2.3484,2.4989
254,4,3,22,6.9881,6.164
254,4,3,23,4.1836,8.63
254,4,3,24,11.211,6.0515
254,4,3,25,4.7504,6.7508
254,4,3,26,5.668,8.1464
254,4,3,27,2.3192,2.344
254,4,3,28,4.9916,5.7468
254,4,3,29,3.2684,5.0535
254,4,3,30,2.2938,-0.093268
254,4,3,31,4.2102,8.0552
254,4,3,32,2.5208,4.4628
254,4,3,33,-0.39487,-0.23735
254,4,3,34,1.5963,0.98672
254,4,3,35,1.6284,3.2705
254,4,3,36,3.3601,3.9393
254,4,3,37,4.417,3.5126
254,4,3,38,5.2993,4.4273
254,4,3,39,3.0255,1.7888
254,4,3,40,0.41466,0.36463
254,4,4,1,-34.174,-35.423
254,4,4,2,-16.575,-18.971
254,4,4,3,-22.191,-19.847
254,4,4,4,-9.2336,-9.1932
254,4,4,5,-1.2794,-7.5894
254,4,4,6,-3.2818,-2.5991
254,4,4,7,-0.54367,-4.4721
254,4,4,8,-4.2913,-0.40777
254,4,4,9,-5.4176,-5.3467
254,4,4,10,-2.0189,2.8702
254,4,4,11,-1.0175,-1.3786
254,4,4,12,-1.6336,-4.3745
254,4,4,13,-3.0457,-1.0495
254,4,4,14,-4.5878,-7.2135
254,4,4,15,0.39618,-3.5112
254,4,4,16,-1.4672,-2.5585
254,4,4,17,0.046333,-6.215
254,4,4,18,-5.1091,-0.57535
254,4,4,19,-2.0994,-6.4801
254,4,4,20,0.36375,-2.4592
254,4,5,1,28.658,28.155
254,4,5,2,19.289,21.908
254,4,5,3,4.8882,5.3157
254,4,5,4,5.8959,3.5452
254,4,5,5,4.0596,4.9455
254,4,5,6,1.8253,1.4795
254,4,5,7,3.0556,2.7848
254,4,5,8,2.8686,4.7566
254,4,5,9,3.7843,3.0786
254,4,5,10,1.2693,1.1113
254,4,5,11,1.3129,1.3927
254,4,5,12,0.020517,1.8324
254,4,5,13,2.4221,0.53087
254,4,5,14,1.414,4.7445
254,4,5,15,3.2137,3.2103
254,4,5,16,2.3965,-0.76902
254,4,5,17,0.39325,1.5739
254,4,5,18,1.3015,2.2702
254,4,5,19,2.7571,4.4849
254,4,5,20,1.4758,5.1285
